node1,node2,length,startLat,startLon,endLat,endLon,endNodeL,startNodeL,startYear,endYear,treeID
5,6,0.000251622074900003,40.8171253243469,-73.8660130785319,40.8080145671407,-73.9351287161869,0.000251622074900003,0,2020.20512963475,2020.20538125683,71200000
5,7,0.004871622075,40.8171253243469,-73.8660130785319,40.6307768198525,-73.9537679790479,0.004871622075,0,2020.20512963475,2020.21000125683,71200000
11,12,4.38664015100024e-05,41.1254352877462,-73.8579798917179,41.1957050953105,-73.9386945751854,4.38664015100024e-05,0,2020.18539389168,2020.18543775808,71200000
16,17,0.01394,40.5771970212866,-73.9490089729088,40.6514623784225,-74.0267091449485,0.01394,0,2020.20461125683,2020.21855125683,71200000
22,23,9.32813591499985e-05,40.3005829011541,-73.7885220087721,40.3206439368618,-73.7893421604399,9.32813591499985e-05,0,2020.19013797548,2020.19023125684,71200000
22,24,9.32813591499985e-05,40.3005829011541,-73.7885220087721,40.3206439368618,-73.7893421604399,9.32813591499985e-05,0,2020.19013797548,2020.19023125684,71200000
36,37,0.02048284551,40.7777032912455,-73.9557597019396,40.5303098373583,-73.9435064713552,0.02048284551,0,2020.18409125683,2020.20457410234,71200000
36,41,0.02486,40.7777032912455,-73.9557597019396,40.7212404515853,-73.8879510450836,0.02486,0,2020.18409125683,2020.20895125683,71200000
37,38,2.71544880999994e-05,40.5303098373583,-73.9435064713552,40.5371247965489,-73.942881388199,0.0205099999981,0.02048284551,2020.20457410234,2020.20460125683,71200000
37,39,2.71544880999994e-05,40.5303098373583,-73.9435064713552,40.5371247965489,-73.942881388199,0.0205099999981,0.02048284551,2020.20457410234,2020.20460125683,71200000
39,40,0.00438,40.5371247965489,-73.942881388199,40.5502963950431,-73.8633835971178,0.0248899999981,0.0205099999981,2020.20460125683,2020.20898125683,71200000
41,42,0.000599999999999996,40.7212404515853,-73.8879510450836,40.6855196485899,-73.8565461030831,0.02546,0.02486,2020.20895125683,2020.20955125683,71200000
42,43,0.03139792558,40.6855196485899,-73.8565461030831,40.6581232145046,-73.981704706328,0.05685792558,0.02546,2020.20955125683,2020.24094918241,71200000
43,44,0.000292074417999999,40.6581232145046,-73.981704706328,40.6760214244391,-73.9830327868642,0.057149999998,0.05685792558,2020.24094918241,2020.24124125683,71200000
43,45,0.002212074418,40.6581232145046,-73.981704706328,40.7698164960024,-74.0468801630928,0.059069999998,0.05685792558,2020.24094918241,2020.24316125683,71200000
49,50,0.000890000000000002,40.5935621397687,-74.010803539936,40.4143635403336,-74.0451009144238,0.000890000000000002,0,2020.20845125683,2020.20934125683,71200000
54,55,0.000230000000000001,40.7056212445209,-73.6083575056763,40.6708172107975,-73.6011050021395,0.000230000000000001,0,2020.20932125683,2020.20955125683,71200000
59,60,0.03243,40.940638535234,-73.9457909028353,40.5256369255861,-73.8518990861481,0.03243,0,2020.21024125683,2020.24267125683,71200000
64,65,0.03743,40.8109351174376,-73.899353148741,40.6872221222508,-73.9098861855255,0.03743,0,2020.20521125683,2020.24264125683,71200000
70,71,4.70672620000029e-05,41.2562307779791,-73.756145458425,41.2426848665586,-73.7583751137128,4.70672620000029e-05,0,2020.20563418957,2020.20568125683,71200000
70,72,0.04282706726,41.2562307779791,-73.756145458425,41.1938790309433,-73.7278355710764,0.04282706726,0,2020.20563418957,2020.24846125683,71200000
77,78,0.01203973125,40.1408644387594,-73.8193934077814,40.5723634612175,-73.9120705295712,0.01203973125,0,2020.23447125683,2020.24651098808,71200000
78,79,0.000370268749200001,40.5723634612175,-73.9120705295712,40.5634688315429,-73.9071797007637,0.0124099999992,0.01203973125,2020.24651098808,2020.24688125683,71200000
86,87,0.04549,40.3765081222407,-73.8486517952594,40.6742178712317,-74.0006360119475,0.04549,0,2020.19767125683,2020.24316125683,71200000
86,88,0.007742964183,40.3765081222407,-73.8486517952594,40.393430888924,-73.8929186255563,0.007742964183,0,2020.19767125683,2020.20541422101,71200000
88,89,0.00593586999,40.393430888924,-73.8929186255563,40.9319236798052,-73.6725540466061,0.013678834173,0.007742964183,2020.20541422101,2020.211350091,71200000
88,90,0.00307703581699999,40.393430888924,-73.8929186255563,40.3929958581823,-73.860689791087,0.01082,0.007742964183,2020.20541422101,2020.20849125683,71200000
113,114,0.00544128250000001,40.6893887052056,-73.9734545715493,40.7499408768731,-73.8916129356938,0.00544128250000001,0,2020.19976650724,2020.20520778974,71200000
114,124,0.00364346708499999,40.7499408768731,-73.8916129356938,40.4710212430697,-74.0439396006296,0.009084749585,0.00544128250000001,2020.20520778974,2020.20885125683,71200000
114,115,0.000246435639699991,40.7499408768731,-73.8916129356938,40.7449663779882,-73.856121041091,0.0056877181397,0.00544128250000001,2020.20520778974,2020.20545422538,71200000
115,121,0.0001570314455,40.7449663779882,-73.856121041091,40.8616727918691,-73.7511480382675,0.0058447495852,0.0056877181397,2020.20545422538,2020.20561125683,71200000
115,116,0.00357703144600001,40.7449663779882,-73.856121041091,40.7344340954132,-73.8724258922208,0.00926474958570001,0.0056877181397,2020.20545422538,2020.20903125683,71200000
116,119,0.000393058084999995,40.7344340954132,-73.8724258922208,40.7044149091305,-73.8786849955909,0.0096578076707,0.00926474958570001,2020.20903125683,2020.20942431492,71200000
116,117,0.0008400364301,40.7344340954132,-73.8724258922208,40.8419276291522,-73.9784254132651,0.0101047860158,0.00926474958570001,2020.20903125683,2020.20987129326,71200000
117,118,0.02234996357,40.8419276291522,-73.9784254132651,40.6659773245649,-73.9767557386737,0.0324547495858,0.0101047860158,2020.20987129326,2020.23222125683,71200000
119,120,0.000126941914999998,40.7044149091305,-73.8786849955909,40.7049992068171,-73.882255296008,0.0097847495857,0.0096578076707,2020.20942431492,2020.20955125683,71200000
121,122,0.03696,40.8616727918691,-73.7511480382675,40.7584004696522,-73.8933477183454,0.0428047495852,0.0058447495852,2020.20561125683,2020.24257125683,71200000
122,123,0.003,40.7584004696522,-73.8933477183454,40.7302405600415,-73.8898223814819,0.0458047495852,0.0428047495852,2020.24257125683,2020.24557125683,71200000
124,125,0.000640000000000002,40.4710212430697,-74.0439396006296,40.520784431407,-74.039241198866,0.009724749585,0.009084749585,2020.20885125683,2020.20949125683,71200000
124,127,0.03047,40.4710212430697,-74.0439396006296,40.5649621498021,-73.9631323015209,0.039554749585,0.009084749585,2020.20885125683,2020.23932125683,71200000
125,126,0.000509999999999997,40.520784431407,-74.039241198866,40.4985907358072,-74.0184184089414,0.010234749585,0.009724749585,2020.20949125683,2020.21000125683,71200000
127,128,0.00347,40.5649621498021,-73.9631323015209,40.7517445222983,-73.5968275603044,0.043024749585,0.039554749585,2020.23932125683,2020.24279125683,71200000
127,129,0.00186,40.5649621498021,-73.9631323015209,40.7838353915583,-73.9424506803236,0.041414749585,0.039554749585,2020.23932125683,2020.24118125683,71200000
129,130,0.00184,40.7838353915583,-73.9424506803236,40.6578331956545,-73.8919646558024,0.043254749585,0.041414749585,2020.24118125683,2020.24302125683,71200000
130,131,0.00207,40.6578331956545,-73.8919646558024,40.7157442894774,-73.8745669904534,0.045324749585,0.043254749585,2020.24302125683,2020.24509125683,71200000
131,132,7.00000000000006e-05,40.7157442894774,-73.8745669904534,40.7089426775617,-73.8781247447837,0.045394749585,0.045324749585,2020.24509125683,2020.24516125683,71200000
131,133,0.000460000000000002,40.7157442894774,-73.8745669904534,40.7193410656307,-73.8737925431184,0.045784749585,0.045324749585,2020.24509125683,2020.24555125683,71200000
139,140,0.000409999999999994,40.2964001303409,-74.0790654455788,40.2664095185746,-74.0774415477218,0.000409999999999994,0,2020.20893125682,2020.20934125682,71200000
139,141,0.00109999999999999,40.2964001303409,-74.0790654455788,40.4732283307235,-73.9100706734948,0.00109999999999999,0,2020.20893125682,2020.21003125682,71200000
141,142,0.03856,40.4732283307235,-73.9100706734948,40.5648109524399,-73.8996454836085,0.03966,0.00109999999999999,2020.21003125682,2020.24859125682,71200000
731,904,0.000393270946399987,40.6924130135825,-73.9178530723851,40.6872295155366,-73.9169139092429,0.000393270946399987,0,2020.13859694553,2020.13899021647,71200000
731,732,0.001774976953,40.6924130135825,-73.9178530723851,40.7019565927191,-73.9200884710432,0.001774976953,0,2020.13859694553,2020.14037192248,71200000
732,733,0.00117933435000001,40.7019565927191,-73.9200884710432,40.7010374745632,-73.9222195422187,0.002954311303,0.001774976953,2020.14037192248,2020.14155125683,71200000
732,748,7.94840654899931e-05,40.7019565927191,-73.9200884710432,40.7019270063321,-73.9195930261534,0.00185446101848999,0.001774976953,2020.14037192248,2020.14045140655,71200000
733,734,0.05724049753,40.7010374745632,-73.9222195422187,40.7465082343776,-73.9731987200282,0.060194808833,0.002954311303,2020.14155125683,2020.19879175436,71200000
733,747,0.0687,40.7010374745632,-73.9222195422187,40.5598925840035,-73.9475186812297,0.071654311303,0.002954311303,2020.14155125683,2020.21025125683,71200000
734,735,0.000469502474000016,40.7465082343776,-73.9731987200282,40.7344249029083,-73.9787653213304,0.060664311307,0.060194808833,2020.19879175436,2020.19926125683,71200000
734,740,0.000300223796800003,40.7465082343776,-73.9731987200282,40.7337572392684,-73.9788787936308,0.0604950326298,0.060194808833,2020.19879175436,2020.19909197816,71200000
735,737,0.00645999999999999,40.7344249029083,-73.9787653213304,40.7545983984464,-73.9771094755041,0.067124311307,0.060664311307,2020.19926125683,2020.20572125683,71200000
735,736,0.01067,40.7344249029083,-73.9787653213304,40.699330692284,-73.9931556609229,0.071334311307,0.060664311307,2020.19926125683,2020.20993125683,71200000
737,739,0.00383999999999998,40.7545983984464,-73.9771094755041,40.7614580715316,-73.9626277107492,0.070964311307,0.067124311307,2020.20572125683,2020.20956125683,71200000
737,738,0.00192000000000001,40.7545983984464,-73.9771094755041,40.6139157752615,-73.9444785361844,0.069044311307,0.067124311307,2020.20572125683,2020.20764125683,71200000
740,741,0.000169278677200013,40.7337572392684,-73.9788787936308,40.7267954704722,-73.9810944770127,0.060664311307,0.0604950326298,2020.19909197816,2020.19926125683,71200000
740,742,0.00925436831900001,40.7337572392684,-73.9788787936308,40.6815939565685,-73.9502545691265,0.0697494009488,0.0604950326298,2020.19909197816,2020.20834634648,71200000
742,743,0.000104910358599997,40.6815939565685,-73.9502545691265,40.683241736092,-73.9497029245461,0.0698543113074,0.0697494009488,2020.20834634648,2020.20845125683,71200000
742,744,0.000104910358599997,40.6815939565685,-73.9502545691265,40.683241736092,-73.9497029245461,0.0698543113074,0.0697494009488,2020.20834634648,2020.20845125683,71200000
744,745,0.03752,40.683241736092,-73.9497029245461,40.8049870348816,-73.2376396413265,0.1073743113074,0.0698543113074,2020.20845125683,2020.24597125683,71200000
745,746,0.00176,40.8049870348816,-73.2376396413265,40.8247499248316,-73.2235816302732,0.1091343113074,0.1073743113074,2020.24597125683,2020.24773125683,71200000
748,749,0.03572549881,40.7019270063321,-73.9195930261534,40.682272337789,-73.9372908600733,0.03757995982849,0.00185446101848999,2020.14045140655,2020.17617690536,71200000
749,750,0.000174165280100003,40.682272337789,-73.9372908600733,40.6812858465069,-73.9388286990902,0.03775412510859,0.03757995982849,2020.17617690536,2020.17635107064,71200000
750,899,0.000312846889199997,40.6812858465069,-73.9388286990902,40.666604920567,-73.9516654400016,0.03806697199779,0.03775412510859,2020.17635107064,2020.17666391753,71200000
750,751,0.000483657512000024,40.6812858465069,-73.9388286990902,40.6849236795357,-73.9385364795106,0.03823778262059,0.03775412510859,2020.17635107064,2020.17683472815,71200000
751,752,0.000366528684399986,40.6849236795357,-73.9385364795106,40.6836593792013,-73.9422711453262,0.03860431130499,0.03823778262059,2020.17683472815,2020.17720125683,71200000
751,885,0.000366528684399986,40.6849236795357,-73.9385364795106,40.6836593792013,-73.9422711453262,0.03860431130499,0.03823778262059,2020.17683472815,2020.17720125683,71200000
752,753,0.01001810837,40.6836593792013,-73.9422711453262,40.6692899715708,-73.9309729892378,0.04862241967499,0.03860431130499,2020.17720125683,2020.1872193652,71200000
753,754,1.18916284700121e-05,40.6692899715708,-73.9309729892378,40.6703723333177,-73.9292085625214,0.04863431130346,0.04862241967499,2020.1872193652,2020.18723125683,71200000
754,755,0.00351341542899999,40.6703723333177,-73.9292085625214,40.6716931152941,-73.9369656801007,0.05214772673246,0.04863431130346,2020.18723125683,2020.19074467226,71200000
755,834,0.000155633623599993,40.6716931152941,-73.9369656801007,40.6656290234909,-73.9374740541127,0.05230336035606,0.05214772673246,2020.19074467226,2020.19090030588,71200000
755,756,0.000714864712300006,40.6716931152941,-73.9369656801007,40.6850736445682,-73.9346407978433,0.05286259144476,0.05214772673246,2020.19074467226,2020.19145953697,71200000
756,757,0.000212467018299994,40.6850736445682,-73.9346407978433,40.6902257899064,-73.9340896716355,0.05307505846306,0.05286259144476,2020.19145953697,2020.19167200399,71200000
757,763,0.000125630255699977,40.6902257899064,-73.9340896716355,40.6990190761869,-73.9365274043054,0.05320068871876,0.05307505846306,2020.19167200399,2020.19179763425,71200000
757,758,0.000588706195499999,40.6902257899064,-73.9340896716355,40.6812936633472,-73.9317533729825,0.05366376465856,0.05307505846306,2020.19167200399,2020.19226071019,71200000
758,759,2.05466446200064e-05,40.6812936633472,-73.9317533729825,40.6828136050238,-73.9325026904725,0.05368431130318,0.05366376465856,2020.19226071019,2020.19228125683,71200000
759,760,0.01564,40.6828136050238,-73.9325026904725,40.5952675959857,-73.9964567800615,0.06932431130318,0.05368431130318,2020.19228125683,2020.20792125683,71200000
760,761,0.00178777353199999,40.5952675959857,-73.9964567800615,40.5995854252688,-74.0023102712478,0.07111208483518,0.06932431130318,2020.20792125683,2020.20970903036,71200000
761,762,0.000112226468000021,40.5995854252688,-74.0023102712478,40.5968233253807,-74.0038806610322,0.07122431130318,0.07111208483518,2020.20970903036,2020.20982125683,71200000
763,764,0.000324565140200017,40.6990190761869,-73.9365274043054,40.7022452058333,-73.9289534967527,0.05352525385896,0.05320068871876,2020.19179763425,2020.19212219939,71200000
763,772,0.00407362258400001,40.6990190761869,-73.9365274043054,40.6828794990674,-73.9385782911813,0.05727431130276,0.05320068871876,2020.19179763425,2020.19587125683,71200000
764,765,0.0001590574442,40.7022452058333,-73.9289534967527,40.6999129437832,-73.9291160858458,0.05368431130316,0.05352525385896,2020.19212219939,2020.19228125683,71200000
764,770,0.01700480507,40.7022452058333,-73.9289534967527,40.7195631128984,-73.9080079007896,0.07053005892896,0.05352525385896,2020.19212219939,2020.20912700446,71200000
765,766,0.01655730169,40.6999129437832,-73.9291160858458,40.6938275405608,-73.9331757495465,0.07024161299316,0.05368431130316,2020.19228125683,2020.20883855852,71200000
766,767,0.00112269831099998,40.6938275405608,-73.9331757495465,40.6953913373428,-73.9357244516428,0.07136431130416,0.07024161299316,2020.20883855852,2020.20996125683,71200000
767,768,0.000140000000000029,40.6953913373428,-73.9357244516428,40.6946471021001,-73.9322986572382,0.07150431130416,0.07136431130416,2020.20996125683,2020.21010125683,71200000
768,769,0.03033,40.6946471021001,-73.9322986572382,40.6758843536294,-73.9819667200289,0.10183431130416,0.07150431130416,2020.21010125683,2020.24043125683,71200000
770,771,0.000264252376100005,40.7195631128984,-73.9080079007896,40.7231500853873,-73.9118101918609,0.07079431130506,0.07053005892896,2020.20912700446,2020.20939125683,71200000
772,773,0.00181999999999999,40.6828794990674,-73.9385782911813,40.6612485235218,-73.9509573122274,0.05909431130276,0.05727431130276,2020.19587125683,2020.19769125683,71200000
773,789,0.00175000000000003,40.6612485235218,-73.9509573122274,40.6671364463696,-73.9377488029662,0.06084431130276,0.05909431130276,2020.19769125683,2020.19944125683,71200000
773,774,0.00720000000000001,40.6612485235218,-73.9509573122274,40.6516466126064,-73.9810553573959,0.06629431130276,0.05909431130276,2020.19769125683,2020.20489125683,71200000
774,781,0.00413260230600002,40.6516466126064,-73.9810553573959,40.6219875989273,-73.9795916666245,0.07042691360876,0.06629431130276,2020.20489125683,2020.20902385914,71200000
774,775,0.00175,40.6516466126064,-73.9810553573959,40.6319847727761,-73.9834589761855,0.06804431130276,0.06629431130276,2020.20489125683,2020.20664125683,71200000
775,776,0.00181000000000001,40.6319847727761,-73.9834589761855,40.6291009127694,-73.9827846098101,0.06985431130276,0.06804431130276,2020.20664125683,2020.20845125683,71200000
775,779,0.00181000000000001,40.6319847727761,-73.9834589761855,40.6291009127694,-73.9827846098101,0.06985431130276,0.06804431130276,2020.20664125683,2020.20845125683,71200000
776,778,0.00192000000000001,40.6291009127694,-73.9827846098101,40.6139157752615,-73.9444785361844,0.07177431130276,0.06985431130276,2020.20845125683,2020.21037125683,71200000
776,777,0.00192000000000001,40.6291009127694,-73.9827846098101,40.6139157752615,-73.9444785361844,0.07177431130276,0.06985431130276,2020.20845125683,2020.21037125683,71200000
779,780,0.00192000000000001,40.6291009127694,-73.9827846098101,40.6139157752615,-73.9444785361844,0.07177431130276,0.06985431130276,2020.20845125683,2020.21037125683,71200000
781,783,0.000247397693599993,40.6219875989273,-73.9795916666245,40.6764934276496,-73.9852577244835,0.07067431130236,0.07042691360876,2020.20902385914,2020.20927125683,71200000
781,782,0.00115739769399997,40.6219875989273,-73.9795916666245,40.6515493591673,-73.702485827762,0.07158431130276,0.07042691360876,2020.20902385914,2020.21018125683,71200000
783,784,0.000419999999999976,40.6764934276496,-73.9852577244835,40.6763137880657,-73.9832477174657,0.07109431130236,0.07067431130236,2020.20927125683,2020.20969125683,71200000
783,786,0.000586140689999987,40.6764934276496,-73.9852577244835,40.6716354154827,-73.9869152152889,0.07126045199236,0.07067431130236,2020.20927125683,2020.20985739752,71200000
784,785,0.000320000000000015,40.6763137880657,-73.9832477174657,40.7652398115391,-73.9365524086377,0.07141431130236,0.07109431130236,2020.20969125683,2020.21001125683,71200000
786,787,0.000103859309999982,40.6716354154827,-73.9869152152889,40.6580380424092,-73.9921112537225,0.07136431130236,0.07126045199236,2020.20985739752,2020.20996125683,71200000
786,788,0.03590385931,40.6716354154827,-73.9869152152889,40.6833752289514,-73.9470365258048,0.10716431130236,0.07126045199236,2020.20985739752,2020.24576125683,71200000
789,806,0.00918609681799998,40.6671364463696,-73.9377488029662,40.6748656670483,-73.9385372119144,0.07003040812076,0.06084431130276,2020.19944125683,2020.20862735365,71200000
789,790,0.00181999999999999,40.6671364463696,-73.9377488029662,40.6612485235218,-73.9509573122274,0.06266431130276,0.06084431130276,2020.19944125683,2020.20126125683,71200000
790,792,0.00790124538199999,40.6612485235218,-73.9509573122274,40.6591996883638,-73.993057181825,0.07056555668476,0.06266431130276,2020.20126125683,2020.20916250221,71200000
790,791,0.00364999999999999,40.6612485235218,-73.9509573122274,40.7174738315262,-73.5689468784457,0.06631431130276,0.06266431130276,2020.20126125683,2020.20491125683,71200000
792,793,0.03887662132,40.6591996883638,-73.993057181825,40.6514238417311,-73.9499184715826,0.10944217800476,0.07056555668476,2020.20916250221,2020.24803912353,71200000
792,796,8.99989207800156e-05,40.6591996883638,-73.993057181825,40.6555935958104,-73.9938860887258,0.07065555560554,0.07056555668476,2020.20916250221,2020.20925250113,71200000
793,794,0.000312133295699998,40.6514238417311,-73.9499184715826,40.649756245367,-73.9525948329141,0.10975431130046,0.10944217800476,2020.24803912353,2020.24835125683,71200000
793,795,9.21332957199983e-05,40.6514238417311,-73.9499184715826,40.6383965513381,-73.9568086090699,0.10953431130048,0.10944217800476,2020.24803912353,2020.24813125683,71200000
796,798,6.77647302199935e-05,40.6555935958104,-73.9938860887258,40.6598878380182,-73.9935974865491,0.07072332033576,0.07065555560554,2020.20925250113,2020.20932026586,71200000
796,797,0.000768755697600015,40.6555935958104,-73.9938860887258,40.6433878551902,-74.0047356116432,0.07142431130314,0.07065555560554,2020.20925250113,2020.21002125683,71200000
798,799,7.06971180400029e-05,40.6598878380182,-73.9935974865491,40.6609458276559,-73.993661349108,0.0707940174538,0.07072332033576,2020.20932026586,2020.20939096298,71200000
799,800,0.000228938163500003,40.6609458276559,-73.993661349108,40.6608680262463,-73.9935492971557,0.0710229556173,0.0707940174538,2020.20939096298,2020.20961990114,71200000
799,803,0.000400293849400019,40.6609458276559,-73.993661349108,40.6642687898103,-73.9973366277061,0.0711943113032,0.0707940174538,2020.20939096298,2020.20979125683,71200000
800,802,0.000401355685899996,40.6608680262463,-73.9935492971557,40.6385236900417,-73.9956300243585,0.0714243113032,0.0710229556173,2020.20961990114,2020.21002125683,71200000
800,801,0.000401355685899996,40.6608680262463,-73.9935492971557,40.6385236900417,-73.9956300243585,0.0714243113032,0.0710229556173,2020.20961990114,2020.21002125683,71200000
803,804,0.03146,40.6642687898103,-73.9973366277061,40.6828173775504,-73.915014851139,0.1026543113032,0.0711943113032,2020.20979125683,2020.24125125683,71200000
804,805,0.00186273375400001,40.6828173775504,-73.915014851139,40.6818667291586,-73.9137000166649,0.1045170450572,0.1026543113032,2020.24125125683,2020.24311399058,71200000
806,807,0.000463903181600001,40.6748656670483,-73.9385372119144,40.6859394298132,-73.9636216397661,0.07049431130236,0.07003040812076,2020.20862735365,2020.20909125683,71200000
806,814,5.58560604900227e-05,40.6748656670483,-73.9385372119144,40.6753847108196,-73.9388877348178,0.07008626418125,0.07003040812076,2020.20862735365,2020.20868320971,71200000
807,811,0.000400000000000011,40.6859394298132,-73.9636216397661,40.6860470028149,-73.9637414620227,0.07089431130236,0.07049431130236,2020.20909125683,2020.20949125683,71200000
807,808,0.000516072952900015,40.6859394298132,-73.9636216397661,40.6737137137411,-73.966111174197,0.07101038425526,0.07049431130236,2020.20909125683,2020.20960732978,71200000
808,809,0.000113927047100004,40.6737137137411,-73.966111174197,40.6733217172621,-73.9662931775394,0.07112431130236,0.07101038425526,2020.20960732978,2020.20972125683,71200000
808,810,0.000113927047100004,40.6737137137411,-73.966111174197,40.6733217172621,-73.9662931775394,0.07112431130236,0.07101038425526,2020.20960732978,2020.20972125683,71200000
811,813,0.00051000000000001,40.6860470028149,-73.9637414620227,40.6845465489446,-73.9636679388054,0.07140431130236,0.07089431130236,2020.20949125683,2020.21000125683,71200000
811,812,0.000230000000000008,40.6860470028149,-73.9637414620227,40.6866388854876,-73.9646352510127,0.07112431130236,0.07089431130236,2020.20949125683,2020.20972125683,71200000
814,818,0.000356113415399983,40.6753847108196,-73.9388877348178,40.6734820459305,-73.9391099927152,0.07044237759665,0.07008626418125,2020.20868320971,2020.20903932312,71200000
814,815,0.000808047121099997,40.6753847108196,-73.9388877348178,40.6688061470362,-73.935844084467,0.07089431130235,0.07008626418125,2020.20868320971,2020.20949125683,71200000
815,816,0.000509999999999983,40.6688061470362,-73.935844084467,40.6685402990238,-73.9368277232869,0.07140431130235,0.07089431130235,2020.20949125683,2020.21000125683,71200000
815,817,0.000509999999999983,40.6688061470362,-73.935844084467,40.6685402990238,-73.9368277232869,0.07140431130235,0.07089431130235,2020.20949125683,2020.21000125683,71200000
818,821,0.000501933705700008,40.6734820459305,-73.9391099927152,40.5960755050038,-73.9656457942763,0.07094431130235,0.07044237759665,2020.20903932312,2020.20954125683,71200000
818,819,0.000311933705699985,40.6734820459305,-73.9391099927152,40.6706415557299,-73.9388467896932,0.07075431130235,0.07044237759665,2020.20903932312,2020.20935125683,71200000
819,820,0.03381,40.6706415557299,-73.9388467896932,40.6691338608951,-73.9570000824164,0.10456431130235,0.07075431130235,2020.20935125683,2020.24316125683,71200000
821,822,0.000249999999999972,40.5960755050038,-73.9656457942763,40.6372438611188,-73.9595456590395,0.07119431130235,0.07094431130235,2020.20954125683,2020.20979125683,71200000
821,827,9.9999999999989e-05,40.5960755050038,-73.9656457942763,40.5945123003392,-73.9653711255977,0.07104431130235,0.07094431130235,2020.20954125683,2020.20964125683,71200000
822,823,0.03574,40.6372438611188,-73.9595456590395,40.6311964076828,-73.9712791501316,0.10693431130235,0.07119431130235,2020.20979125683,2020.24553125683,71200000
822,826,8.00000000000245e-05,40.6372438611188,-73.9595456590395,40.6408690846327,-73.9597463616276,0.07127431130235,0.07119431130235,2020.20979125683,2020.20987125683,71200000
823,825,0.000310000000000005,40.6311964076828,-73.9712791501316,40.6283258297831,-74.0140083632878,0.10724431130235,0.10693431130235,2020.24553125683,2020.24584125683,71200000
823,824,0.000839999999999994,40.6311964076828,-73.9712791501316,40.6427456024839,-73.9711195674325,0.10777431130235,0.10693431130235,2020.24553125683,2020.24637125683,71200000
827,828,0.03721746582,40.5945123003392,-73.9653711255977,40.6182774024831,-73.9539418072075,0.10826177712235,0.07104431130235,2020.20964125683,2020.24685872265,71200000
827,831,9.00000000000067e-05,40.5945123003392,-73.9653711255977,40.5939029563385,-73.9649630127875,0.07113431130235,0.07104431130235,2020.20964125683,2020.20973125683,71200000
828,829,0.000142534183800003,40.6182774024831,-73.9539418072075,40.618792491583,-73.9544893048383,0.10840431130615,0.10826177712235,2020.24685872265,2020.24700125683,71200000
828,830,0.000142534183800003,40.6182774024831,-73.9539418072075,40.618792491583,-73.9544893048383,0.10840431130615,0.10826177712235,2020.24685872265,2020.24700125683,71200000
831,832,0.03722,40.5939029563385,-73.9649630127875,40.574282208147,-73.9653272147526,0.10835431130235,0.07113431130235,2020.20973125683,2020.24695125683,71200000
831,833,0.03343,40.5939029563385,-73.9649630127875,40.5936612216841,-73.9471095598021,0.10456431130235,0.07113431130235,2020.20973125683,2020.24316125683,71200000
834,835,0.000317046397299986,40.6656290234909,-73.9374740541127,40.6624371472889,-73.9349096604744,0.05262040675336,0.05230336035606,2020.19090030588,2020.19121735228,71200000
835,866,0.000619000064800007,40.6624371472889,-73.9349096604744,40.6645797544422,-73.9340797407859,0.05323940681816,0.05262040675336,2020.19121735228,2020.19183635235,71200000
835,836,0.000106418983100015,40.6624371472889,-73.9349096604744,40.6609702624279,-73.9353459611079,0.05272682573646,0.05262040675336,2020.19121735228,2020.19132377126,71200000
836,837,0.000135038451899994,40.6609702624279,-73.9353459611079,40.6589205755956,-73.9367546976007,0.05286186418836,0.05272682573646,2020.19132377126,2020.19145880972,71200000
837,838,0.000250700940299997,40.6589205755956,-73.9367546976007,40.6596569293997,-73.9371751250434,0.05311256512866,0.05286186418836,2020.19145880972,2020.19170951066,71200000
838,859,0.000314921589900014,40.6596569293997,-73.9371751250434,40.6697885099872,-73.9332875176403,0.05342748671856,0.05311256512866,2020.19170951066,2020.19202443225,71200000
838,839,1.92090347300167e-05,40.6596569293997,-73.9371751250434,40.6589990374215,-73.9373642073285,0.05313177416339,0.05311256512866,2020.19170951066,2020.19172871969,71200000
839,840,0.000234182154499996,40.6589990374215,-73.9373642073285,40.6527717170599,-73.9403744197389,0.05336595631789,0.05313177416339,2020.19172871969,2020.19196290185,71200000
840,841,0.000318354985300001,40.6527717170599,-73.9403744197389,40.6534782803739,-73.9394322140515,0.05368431130319,0.05336595631789,2020.19196290185,2020.19228125683,71200000
840,857,0.000318354985300001,40.6527717170599,-73.9403744197389,40.6534782803739,-73.9394322140515,0.05368431130319,0.05336595631789,2020.19196290185,2020.19228125683,71200000
841,856,0.01271,40.6534782803739,-73.9394322140515,40.7218715503157,-73.8302615021531,0.06639431130319,0.05368431130319,2020.19228125683,2020.20499125683,71200000
841,842,0.00867463196900001,40.6534782803739,-73.9394322140515,40.7502280590717,-73.9578147916038,0.06235894327219,0.05368431130319,2020.19228125683,2020.2009558888,71200000
842,854,0.000129247051600001,40.7502280590717,-73.9578147916038,40.7231026443742,-73.9794239864532,0.06248819032379,0.06235894327219,2020.2009558888,2020.20108513585,71200000
842,843,0.000365368031499974,40.7502280590717,-73.9578147916038,40.7388162608493,-73.9542997930113,0.06272431130369,0.06235894327219,2020.2009558888,2020.20132125683,71200000
843,844,0.00180000000000002,40.7388162608493,-73.9542997930113,40.6271755207303,-74.0312593455633,0.06452431130369,0.06272431130369,2020.20132125683,2020.20312125683,71200000
844,845,0.00174999999999997,40.6271755207303,-74.0312593455633,40.6251521627094,-74.02806069777,0.06627431130369,0.06452431130369,2020.20312125683,2020.20487125683,71200000
845,846,0.00176999999999999,40.6251521627094,-74.02806069777,40.6431135908636,-74.02477166954,0.06804431130369,0.06627431130369,2020.20487125683,2020.20664125683,71200000
845,850,0.00434810055400003,40.6251521627094,-74.02806069777,40.6341460577239,-73.8531568523113,0.07062241185769,0.06627431130369,2020.20487125683,2020.20921935739,71200000
846,847,0.00181000000000003,40.6431135908636,-74.02477166954,40.6480658616166,-74.0266350498721,0.06985431130369,0.06804431130369,2020.20664125683,2020.20845125683,71200000
847,849,0.000639999999999974,40.6480658616166,-74.0266350498721,40.6435992152835,-74.0267911930505,0.07049431130369,0.06985431130369,2020.20845125683,2020.20909125683,71200000
847,848,0.00191999999999998,40.6480658616166,-74.0266350498721,40.629870130155,-73.9788848605638,0.07177431130369,0.06985431130369,2020.20845125683,2020.21037125683,71200000
850,851,0.000233088572099971,40.6341460577239,-73.8531568523113,40.6336408767106,-73.8513292805905,0.07085550042979,0.07062241185769,2020.20921935739,2020.20945244596,71200000
851,853,0.000218810873500008,40.6336408767106,-73.8513292805905,40.6297992564266,-73.8499180370922,0.07107431130329,0.07085550042979,2020.20945244596,2020.20967125683,71200000
851,852,0.000378810873500002,40.6336408767106,-73.8513292805905,40.6272867002007,-73.8523497160258,0.07123431130329,0.07085550042979,2020.20945244596,2020.20983125683,71200000
854,855,0.000236120979899973,40.7231026443742,-73.9794239864532,40.7352493523244,-73.9947638691791,0.06272431130369,0.06248819032379,2020.20108513585,2020.20132125683,71200000
857,858,0.0174,40.6534782803739,-73.9394322140515,40.6541710402959,-73.9351177150369,0.07108431130319,0.05368431130319,2020.19228125683,2020.20968125683,71200000
859,864,0.01796109703,40.6697885099872,-73.9332875176403,40.6361533256129,-73.9808527288837,0.07138858374856,0.05342748671856,2020.19202443225,2020.20998552928,71200000
859,860,0.000256824584599996,40.6697885099872,-73.9332875176403,40.6766366314652,-73.9346598485937,0.05368431130316,0.05342748671856,2020.19202443225,2020.19228125683,71200000
860,861,0.01710808665,40.6766366314652,-73.9346598485937,40.6883385340529,-73.9350657674786,0.07079239795316,0.05368431130316,2020.19228125683,2020.20938934348,71200000
861,863,0.03581191335,40.6883385340529,-73.9350657674786,40.6804062756389,-73.9358918458967,0.10660431130316,0.07079239795316,2020.20938934348,2020.24520125683,71200000
861,862,0.000291913345299988,40.6883385340529,-73.9350657674786,40.726439596375,-73.9442404992951,0.07108431129846,0.07079239795316,2020.20938934348,2020.20968125683,71200000
864,865,1.57275554200087e-05,40.6361533256129,-73.9808527288837,40.6372807719639,-73.9799140323161,0.07140431130398,0.07138858374856,2020.20998552928,2020.21000125683,71200000
866,867,9.22750079299095e-06,40.6645797544422,-73.9340797407859,40.662721146419,-73.9350300418613,0.053248634318953,0.05323940681816,2020.19183635235,2020.19184557985,71200000
866,878,4.40995564600088e-05,40.6645797544422,-73.9340797407859,40.6650053028939,-73.9333540550559,0.05328350637462,0.05323940681816,2020.19183635235,2020.1918804519,71200000
867,875,7.84423902300269e-05,40.662721146419,-73.9350300418613,40.6680120491376,-73.898442958396,0.053327076709183,0.053248634318953,2020.19184557985,2020.19192402224,71200000
867,868,0.000271971093800005,40.662721146419,-73.9350300418613,40.6635011759223,-73.9347044881979,0.053520605412753,0.053248634318953,2020.19184557985,2020.19211755094,71200000
868,869,6.88930329300064e-05,40.6635011759223,-73.9347044881979,40.6619828170641,-73.9344442452596,0.053589498445683,0.053520605412753,2020.19211755094,2020.19218644397,71200000
868,874,0.000163705890500021,40.6635011759223,-73.9347044881979,40.6643416713702,-73.934800674166,0.053684311303253,0.053520605412753,2020.19211755094,2020.19228125683,71200000
869,870,0.01818481286,40.6619828170641,-73.9344442452596,40.7878646664712,-73.7978912377408,0.071774311305683,0.053589498445683,2020.19218644397,2020.21037125683,71200000
869,871,9.48128575500029e-05,40.6619828170641,-73.9344442452596,40.6697814380244,-73.9387749068501,0.053684311303233,0.053589498445683,2020.19218644397,2020.19228125683,71200000
871,872,0.0162,40.6697814380244,-73.9387749068501,40.6694543162883,-73.7792880121749,0.069884311303233,0.053684311303233,2020.19228125683,2020.20848125683,71200000
872,873,0.00189,40.6694543162883,-73.7792880121749,40.6823926680146,-73.78101205377,0.071774311303233,0.069884311303233,2020.20848125683,2020.21037125683,71200000
875,876,0.000357234594,40.6680120491376,-73.898442958396,40.6668192683262,-73.9022955927055,0.053684311303183,0.053327076709183,2020.19192402224,2020.19228125683,71200000
876,877,0.01496,40.6668192683262,-73.9022955927055,40.6381399051868,-73.8735360237593,0.068644311303183,0.053684311303183,2020.19228125683,2020.20724125683,71200000
878,882,0.000111554088800009,40.6650053028939,-73.9333540550559,40.6669581350028,-73.9360374893826,0.05339506046342,0.05328350637462,2020.1918804519,2020.19199200599,71200000
878,879,0.000130395805800015,40.6650053028939,-73.9333540550559,40.7235463650431,-73.6429411855968,0.05341390218042,0.05328350637462,2020.1918804519,2020.19201084771,71200000
879,880,0.01290040912,40.7235463650431,-73.6429411855968,40.6981541442717,-73.684984850525,0.06631431130042,0.05341390218042,2020.19201084771,2020.20491125683,71200000
880,881,0.03825,40.6981541442717,-73.684984850525,40.7722952705226,-73.4231382331146,0.10456431130042,0.06631431130042,2020.20491125683,2020.24316125683,71200000
882,884,0.000289250839799998,40.6669581350028,-73.9360374893826,40.6645125674351,-73.9359091210576,0.05368431130322,0.05339506046342,2020.19199200599,2020.19228125683,71200000
882,883,0.000289250839799998,40.6669581350028,-73.9360374893826,40.6645125674351,-73.9359091210576,0.05368431130322,0.05339506046342,2020.19199200599,2020.19228125683,71200000
885,886,0.01576,40.6836593792013,-73.9422711453262,40.695505342972,-73.931045485617,0.05436431130499,0.03860431130499,2020.17720125683,2020.19296125683,71200000
886,890,0.01369,40.695505342972,-73.931045485617,40.7430970211386,-73.9549013072312,0.06805431130499,0.05436431130499,2020.19296125683,2020.20665125683,71200000
886,887,0.01638,40.695505342972,-73.931045485617,40.6907535155803,-74.0205026316308,0.07074431130499,0.05436431130499,2020.19296125683,2020.20934125683,71200000
887,888,5e-04,40.6907535155803,-74.0205026316308,40.6900836169415,-74.0208202150256,0.07124431130499,0.07074431130499,2020.20934125683,2020.20984125683,71200000
887,889,0.000549999999999995,40.6907535155803,-74.0205026316308,40.6857286813215,-74.0286674393327,0.07129431130499,0.07074431130499,2020.20934125683,2020.20989125683,71200000
890,894,0.00178,40.7430970211386,-73.9549013072312,40.7436673413152,-73.9511192884115,0.06983431130499,0.06805431130499,2020.20665125683,2020.20843125683,71200000
890,891,0.0018,40.7430970211386,-73.9549013072312,40.7266504380663,-73.9531258323677,0.06985431130499,0.06805431130499,2020.20665125683,2020.20845125683,71200000
891,892,9.99999999998225e-06,40.7266504380663,-73.9531258323677,40.7252948068561,-73.9529303175754,0.06986431130499,0.06985431130499,2020.20845125683,2020.20846125683,71200000
892,893,0.0347,40.7252948068561,-73.9529303175754,40.5817849199895,-73.8255577431607,0.10456431130499,0.06986431130499,2020.20846125683,2020.24316125683,71200000
894,895,0.000855516910300003,40.7436673413152,-73.9511192884115,40.8602826965212,-73.9330385543228,0.07068982821529,0.06983431130499,2020.20843125683,2020.20928677374,71200000
894,897,0.00119231750600002,40.7436673413152,-73.9511192884115,40.7446960135561,-73.9549501199464,0.07102662881099,0.06983431130499,2020.20843125683,2020.20962357434,71200000
895,896,0.00104448308999999,40.8602826965212,-73.9330385543228,40.8665444413739,-73.9273436926087,0.07173431130529,0.07068982821529,2020.20928677374,2020.21033125683,71200000
897,898,0.03079768249,40.7446960135561,-73.9549501199464,40.7127583692535,-73.9825702133569,0.10182431130099,0.07102662881099,2020.20962357434,2020.24042125683,71200000
899,901,0.000215169900599999,40.666604920567,-73.9516654400016,40.6939800969409,-73.9240700172232,0.03828214189839,0.03806697199779,2020.17666391753,2020.17687908743,71200000
899,900,0.000537339307300017,40.666604920567,-73.9516654400016,40.6693002977698,-73.9579420511641,0.03860431130509,0.03806697199779,2020.17666391753,2020.17720125683,71200000
901,902,0.000322169406700018,40.6939800969409,-73.9240700172232,40.6921273494083,-73.9243359624177,0.03860431130509,0.03828214189839,2020.17687908743,2020.17720125683,71200000
902,903,0.03224,40.6921273494083,-73.9243359624177,40.8198802021099,-73.5998725628093,0.07084431130509,0.03860431130509,2020.17720125683,2020.20944125683,71200000
904,905,0.000324905867000014,40.6872295155366,-73.9169139092429,40.6674780104094,-73.9707342685419,0.000718176813400001,0.000393270946399987,2020.13899021647,2020.13931512234,71200000
904,1301,0.00183740065900001,40.6872295155366,-73.9169139092429,40.6828863519613,-73.916278138281,0.0022306716054,0.000393270946399987,2020.13899021647,2020.14082761713,71200000
905,1296,0.001667722742,40.6674780104094,-73.9707342685419,40.7612829599137,-73.9467923616059,0.0023858995554,0.000718176813400001,2020.13931512234,2020.14098284508,71200000
905,906,0.00035580510210001,40.6674780104094,-73.9707342685419,40.6637959524234,-73.9708066365823,0.00107398191550001,0.000718176813400001,2020.13931512234,2020.13967092744,71200000
906,1290,0.00102376867099999,40.6637959524234,-73.9708066365823,40.6646924320856,-73.9731661859764,0.0020977505865,0.00107398191550001,2020.13967092744,2020.14069469611,71200000
906,907,0.000253166838499991,40.6637959524234,-73.9708066365823,40.6619290508199,-73.9714562328963,0.001327148754,0.00107398191550001,2020.13967092744,2020.13992409428,71200000
907,908,0.00135713026000001,40.6619290508199,-73.9714562328963,40.6447423083262,-73.9692289157365,0.00268427901400001,0.001327148754,2020.13992409428,2020.14128122454,71200000
907,916,0.000217636865600002,40.6619290508199,-73.9714562328963,40.6636521022677,-73.9745533845168,0.0015447856196,0.001327148754,2020.13992409428,2020.14014173115,71200000
908,912,0.05680339942,40.6447423083262,-73.9692289157365,40.6266503571998,-73.9844496429398,0.059487678434,0.00268427901400001,2020.14128122454,2020.19808462396,71200000
908,909,0.06458003229,40.6447423083262,-73.9692289157365,40.6352575599909,-73.8982330610328,0.067264311304,0.00268427901400001,2020.14128122454,2020.20586125683,71200000
909,910,0.00401999999999997,40.6352575599909,-73.8982330610328,40.6530657774411,-73.8879588517947,0.071284311304,0.067264311304,2020.20586125683,2020.20988125683,71200000
910,911,0.03328,40.6530657774411,-73.8879588517947,40.7221549249935,-73.9750453714475,0.104564311304,0.071284311304,2020.20988125683,2020.24316125683,71200000
912,913,0.0001066328655,40.6266503571998,-73.9844496429398,40.6263516617865,-73.9845202627919,0.0595943112995,0.059487678434,2020.19808462396,2020.19819125683,71200000
913,914,0.007451788259,40.6263516617865,-73.9845202627919,40.6287134176828,-73.9858388830356,0.0670460995585,0.0595943112995,2020.19819125683,2020.20564304509,71200000
914,915,0.002717622818,40.6287134176828,-73.9858388830356,40.6118013366818,-73.9985049580343,0.0697637223765,0.0670460995585,2020.20564304509,2020.2083606679,71200000
916,917,0.000976884170300008,40.6636521022677,-73.9745533845168,40.671774801562,-73.9842069897047,0.00252166978990001,0.0015447856196,2020.14014173115,2020.14111861532,71200000
916,919,0.000289706000100004,40.6636521022677,-73.9745533845168,40.6640491655693,-73.973566304685,0.00183449161970001,0.0015447856196,2020.14014173115,2020.14043143715,71200000
917,918,0.000432641512399995,40.671774801562,-73.9842069897047,40.6745937813031,-73.9827755186692,0.00295431130230001,0.00252166978990001,2020.14111861532,2020.14155125683,71200000
919,920,0.00111981968299998,40.6640491655693,-73.973566304685,40.6930012991808,-73.9696677947241,0.00295431130269999,0.00183449161970001,2020.14043143715,2020.14155125683,71200000
919,921,5.99806551299931e-05,40.6640491655693,-73.973566304685,40.6654700605372,-73.9735498755927,0.00189447227483,0.00183449161970001,2020.14043143715,2020.1404914178,71200000
921,1260,0.000200182214700001,40.6654700605372,-73.9735498755927,40.6647255950595,-73.9746585970729,0.00209465448953,0.00189447227483,2020.1404914178,2020.14069160002,71200000
921,922,0.000480184666799999,40.6654700605372,-73.9735498755927,40.6638608922851,-73.9714807615202,0.00237465694163,0.00189447227483,2020.1404914178,2020.14097160247,71200000
922,926,0.01798965436,40.6638608922851,-73.9714807615202,40.6764785561394,-73.9774979674188,0.02036431130163,0.00237465694163,2020.14097160247,2020.15896125683,71200000
922,923,0.000175743398900002,40.6638608922851,-73.9714807615202,40.6643658587625,-73.9721699019392,0.00255040034053,0.00237465694163,2020.14097160247,2020.14114734587,71200000
923,924,0.000242349167699996,40.6643658587625,-73.9721699019392,40.6641346343282,-73.9718521317436,0.00279274950823,0.00255040034053,2020.14114734587,2020.14138969504,71200000
924,925,0.05442156179,40.6641346343282,-73.9718521317436,40.6793124478547,-73.9736470317937,0.05721431129823,0.00279274950823,2020.14138969504,2020.19581125683,71200000
926,927,0.02259,40.6764785561394,-73.9774979674188,40.669302101687,-73.9567121410047,0.04295431130163,0.02036431130163,2020.15896125683,2020.18155125683,71200000
926,965,0.00191,40.6764785561394,-73.9774979674188,40.6682199317291,-73.981192026452,0.02227431130163,0.02036431130163,2020.15896125683,2020.16087125683,71200000
927,949,0.003759523284,40.669302101687,-73.9567121410047,40.654360416586,-73.9648055641298,0.04671383458563,0.04295431130163,2020.18155125683,2020.18531078011,71200000
927,928,0.00234000000000001,40.669302101687,-73.9567121410047,40.684330852614,-73.9464768123871,0.04529431130163,0.04295431130163,2020.18155125683,2020.18389125683,71200000
928,938,0.00220186777,40.684330852614,-73.9464768123871,40.6650035093277,-73.9251625576893,0.04749617907163,0.04529431130163,2020.18389125683,2020.1860931246,71200000
928,929,0.00170000000000001,40.684330852614,-73.9464768123871,40.6864747869548,-73.9490310567368,0.04699431130163,0.04529431130163,2020.18389125683,2020.18559125683,71200000
929,930,0.01982387659,40.6864747869548,-73.9490310567368,40.7035643661118,-73.6152040681478,0.06681818789163,0.04699431130163,2020.18559125683,2020.20541513342,71200000
929,934,0.008504111461,40.6864747869548,-73.9490310567368,40.6810570307678,-73.956853109086,0.05549842276263,0.04699431130163,2020.18559125683,2020.19409536829,71200000
930,931,0.000356123406200004,40.7035643661118,-73.6152040681478,40.6978664688112,-73.613004161799,0.06717431129783,0.06681818789163,2020.20541513342,2020.20577125683,71200000
930,932,0.00200612340600001,40.7035643661118,-73.6152040681478,40.7256385590906,-73.5881301388417,0.06882431129763,0.06681818789163,2020.20541513342,2020.20742125683,71200000
932,933,0.00141999999999998,40.7256385590906,-73.5881301388417,40.7250628881829,-73.6053324239105,0.07024431129763,0.06882431129763,2020.20742125683,2020.20884125682,71200000
934,935,0.00812588853899998,40.6810570307678,-73.956853109086,40.6636550740794,-73.9417987722494,0.06362431130163,0.05549842276263,2020.19409536829,2020.20222125683,71200000
935,936,0.00181000000000001,40.6636550740794,-73.9417987722494,40.6291009127694,-73.9827846098101,0.06543431130163,0.06362431130163,2020.20222125683,2020.20403125683,71200000
936,937,0.00360000000000002,40.6291009127694,-73.9827846098101,40.762633280089,-73.9770834944418,0.06903431130163,0.06543431130163,2020.20403125683,2020.20763125683,71200000
938,940,0.00247813222999999,40.6650035093277,-73.9251625576893,40.6532049729832,-73.9336562492491,0.04997431130163,0.04749617907163,2020.1860931246,2020.18857125683,71200000
938,939,0.01830813223,40.6650035093277,-73.9251625576893,40.6263906938258,-73.932550675852,0.06580431130163,0.04749617907163,2020.1860931246,2020.20440125683,71200000
940,943,0.00219,40.6532049729832,-73.9336562492491,40.6547924666858,-73.9348593838836,0.05216431130163,0.04997431130163,2020.18857125683,2020.19076125683,71200000
940,941,0.00899,40.6532049729832,-73.9336562492491,40.6429741778742,-73.9324692918704,0.05896431130163,0.04997431130163,2020.18857125683,2020.19756125683,71200000
941,942,0.01158,40.6429741778742,-73.9324692918704,40.6502272182313,-73.9069888694531,0.07054431130163,0.05896431130163,2020.19756125683,2020.20914125683,71200000
943,944,0.00733,40.6547924666858,-73.9348593838836,40.5837167932247,-73.90978166422,0.05949431130163,0.05216431130163,2020.19076125683,2020.19809125683,71200000
943,947,0.0181,40.6547924666858,-73.9348593838836,40.8494882214642,-73.6422467008015,0.07026431130163,0.05216431130163,2020.19076125683,2020.20886125683,71200000
944,946,0.04767,40.5837167932247,-73.90978166422,40.7666245386683,-73.8878810606284,0.10716431130163,0.05949431130163,2020.19809125683,2020.24576125683,71200000
944,945,0.01111,40.5837167932247,-73.90978166422,40.5847152947349,-73.9509902635081,0.07060431130163,0.05949431130163,2020.19809125683,2020.20920125683,71200000
947,948,0.00931999999999999,40.8494882214642,-73.6422467008015,40.7718595888802,-73.5782349146041,0.07958431130163,0.07026431130163,2020.20886125683,2020.21818125683,71200000
949,950,0.00759252870999999,40.654360416586,-73.9648055641298,40.6503950381262,-73.9629285761945,0.05430636329563,0.04671383458563,2020.18531078011,2020.19290330882,71200000
950,951,0.000369022102700012,40.6503950381262,-73.9629285761945,40.6552324581046,-73.9641163358771,0.05467538539833,0.05430636329563,2020.19290330882,2020.19327233093,71200000
950,956,0.00264651315799999,40.6503950381262,-73.9629285761945,40.6981066383082,-73.998595962647,0.05695287645363,0.05430636329563,2020.19290330882,2020.19554982198,71200000
951,954,0.0154889259,40.6552324581046,-73.9641163358771,40.6430701164574,-73.9714279011091,0.07016431129833,0.05467538539833,2020.19327233093,2020.20876125683,71200000
951,952,0.000108925903099993,40.6552324581046,-73.9641163358771,40.6540879659043,-73.9627794945597,0.05478431130143,0.05467538539833,2020.19327233093,2020.19338125683,71200000
952,953,0.01024,40.6540879659043,-73.9627794945597,40.6333199494438,-73.9592219826597,0.06502431130143,0.05478431130143,2020.19338125683,2020.20362125683,71200000
954,955,0.03843,40.6430701164574,-73.9714279011091,40.6173264302674,-74.0236041364547,0.10859431129833,0.07016431129833,2020.20876125683,2020.24719125683,71200000
956,959,0.000208307302900002,40.6981066383082,-73.998595962647,40.6985862556155,-73.9981424967941,0.05716118375653,0.05695287645363,2020.19554982198,2020.19575812928,71200000
956,957,0.03589143485,40.6981066383082,-73.998595962647,40.8327510133466,-73.9623944807464,0.09284431130363,0.05695287645363,2020.19554982198,2020.23144125683,71200000
957,958,0.0117,40.8327510133466,-73.9623944807464,40.6290105516473,-74.0120358958287,0.10454431130363,0.09284431130363,2020.23144125683,2020.24314125683,71200000
959,964,0.01371312755,40.6985862556155,-73.9981424967941,40.6818663448823,-73.9915971043466,0.07087431130653,0.05716118375653,2020.19575812928,2020.20947125683,71200000
959,960,0.00022312754540002,40.6985862556155,-73.9981424967941,40.7503887536085,-74.004962296328,0.05738431130193,0.05716118375653,2020.19575812928,2020.19598125683,71200000
960,962,0.01281390512,40.7503887536085,-74.004962296328,40.7521500330985,-74.0011455855083,0.07019821642193,0.05738431130193,2020.19598125683,2020.20879516195,71200000
960,961,0.00925197944199999,40.7503887536085,-74.004962296328,40.7595073504571,-74.0024907583171,0.06663629074393,0.05738431130193,2020.19598125683,2020.20523323627,71200000
962,963,0.000176094876100014,40.7521500330985,-74.0011455855083,40.7450332449449,-74.0006536725707,0.07037431129803,0.07019821642193,2020.20879516195,2020.20897125683,71200000
965,1093,0.00555,40.6682199317291,-73.981192026452,40.6832214504511,-73.9753063038261,0.02782431130163,0.02227431130163,2020.16087125683,2020.16642125683,71200000
965,966,0.00198000000000001,40.6682199317291,-73.981192026452,40.6629272400732,-73.9538973389955,0.02425431130163,0.02227431130163,2020.16087125683,2020.16285125683,71200000
966,967,0.002,40.6629272400732,-73.9538973389955,40.6477761795406,-73.9568486523827,0.02625431130163,0.02425431130163,2020.16285125683,2020.16485125683,71200000
966,988,0.02007,40.6629272400732,-73.9538973389955,40.6760418690189,-73.9497535578775,0.04432431130163,0.02425431130163,2020.16285125683,2020.18292125683,71200000
967,973,0.02284,40.6477761795406,-73.9568486523827,40.6519826992692,-73.7912683375144,0.04909431130163,0.02625431130163,2020.16485125683,2020.18769125683,71200000
967,968,0.03410534237,40.6477761795406,-73.9568486523827,40.7215285750206,-73.7508416337122,0.06035965367163,0.02625431130163,2020.16485125683,2020.1989565992,71200000
968,972,0.000259680189099998,40.7215285750206,-73.7508416337122,40.7212247544454,-73.7498966808801,0.06061933386073,0.06035965367163,2020.1989565992,2020.19921627939,71200000
968,969,0.000619229285500011,40.7215285750206,-73.7508416337122,40.7205462346911,-73.751195137338,0.06097888295713,0.06035965367163,2020.1989565992,2020.19957582848,71200000
969,970,8.54283444999826e-05,40.7205462346911,-73.751195137338,40.7206790727442,-73.7511831594548,0.06106431130163,0.06097888295713,2020.19957582848,2020.19966125683,71200000
970,971,0.01071,40.7206790727442,-73.7511831594548,40.7083400595616,-73.6111872874721,0.07177431130163,0.06106431130163,2020.19966125683,2020.21037125683,71200000
973,974,0.00187999999999999,40.6519826992692,-73.7912683375144,40.7415932958946,-73.9047462828573,0.05097431130163,0.04909431130163,2020.18769125683,2020.18957125683,71200000
974,983,0.00152646231600001,40.7415932958946,-73.9047462828573,40.7328647744924,-73.893994399011,0.05250077361763,0.05097431130163,2020.18957125683,2020.19109771914,71200000
974,975,0.01949,40.7415932958946,-73.9047462828573,40.6899455243069,-73.8881854080023,0.07046431130163,0.05097431130163,2020.18957125683,2020.20906125683,71200000
975,980,0.000215462627800006,40.6899455243069,-73.8881854080023,40.688936360119,-73.8884279219368,0.07067977392943,0.07046431130163,2020.20906125683,2020.20927671946,71200000
975,976,0.000128473581600008,40.6899455243069,-73.8881854080023,40.6974001886348,-73.8943310315649,0.07059278488323,0.07046431130163,2020.20906125683,2020.20918973041,71200000
976,978,0.000151526418399994,40.6974001886348,-73.8943310315649,40.6985473388286,-73.8952732757162,0.07074431130163,0.07059278488323,2020.20918973041,2020.20934125683,71200000
976,977,0.000151526418399994,40.6974001886348,-73.8943310315649,40.6985473388286,-73.8952732757162,0.07074431130163,0.07059278488323,2020.20918973041,2020.20934125683,71200000
978,979,0.03381,40.6985473388286,-73.8952732757162,40.7091441781606,-73.8500223335803,0.10455431130163,0.07074431130163,2020.20934125683,2020.24315125683,71200000
980,981,6.45373722099885e-05,40.688936360119,-73.8884279219368,40.6901371201025,-73.8901457273794,0.07074431130164,0.07067977392943,2020.20927671946,2020.20934125683,71200000
980,982,0.03387453737,40.688936360119,-73.8884279219368,40.6681939930208,-73.888803627418,0.10455431129943,0.07067977392943,2020.20927671946,2020.24315125683,71200000
983,984,0.000313537684100001,40.7328647744924,-73.893994399011,40.7325446811837,-73.8942159791464,0.05281431130173,0.05250077361763,2020.19109771914,2020.19141125683,71200000
983,986,0.01203724119,40.7328647744924,-73.893994399011,40.6786247723172,-73.8271617424482,0.06453801480763,0.05250077361763,2020.19109771914,2020.20313496033,71200000
984,985,0.01622,40.7325446811837,-73.8942159791464,40.718844639335,-73.8573955731023,0.06903431130173,0.05281431130173,2020.19141125683,2020.20763125683,71200000
986,987,0.000121506573000002,40.6786247723172,-73.8271617424482,40.677824910663,-73.8279671732098,0.06465952138063,0.06453801480763,2020.20313496033,2020.20325646691,71200000
988,1005,0.00184000000000001,40.6760418690189,-73.9497535578775,40.6780526961277,-73.9596599253723,0.04616431130163,0.04432431130163,2020.18292125683,2020.18476125683,71200000
988,989,0.00774,40.6760418690189,-73.9497535578775,40.6856411440759,-73.9568160520543,0.05206431130163,0.04432431130163,2020.18292125683,2020.19066125683,71200000
989,990,0.00806182867899999,40.6856411440759,-73.9568160520543,40.6983321232564,-73.9792355910974,0.06012613998063,0.05206431130163,2020.19066125683,2020.19872308551,71200000
989,1001,0.00980973863500001,40.6856411440759,-73.9568160520543,40.710710333634,-73.9513031339025,0.06187404993663,0.05206431130163,2020.19066125683,2020.20047099546,71200000
990,996,0.000562033826100011,40.6983321232564,-73.9792355910974,40.7082676421029,-73.9866446808911,0.06068817380673,0.06012613998063,2020.19872308551,2020.19928511933,71200000
990,991,0.000215614952100013,40.6983321232564,-73.9792355910974,40.7110069523229,-73.9808253003648,0.06034175493273,0.06012613998063,2020.19872308551,2020.19893870046,71200000
991,992,0.000372394024200001,40.7110069523229,-73.9808253003648,40.711704147462,-73.9796260910408,0.06071414895693,0.06034175493273,2020.19893870046,2020.19931109448,71200000
991,994,0.00044193154979999,40.7110069523229,-73.9808253003648,40.7170941733534,-73.984520708365,0.06078368648253,0.06034175493273,2020.19893870046,2020.19938063201,71200000
992,993,0.000370162345100011,40.711704147462,-73.9796260910408,40.6923765875633,-73.9718856549451,0.06108431130203,0.06071414895693,2020.19931109448,2020.19968125683,71200000
994,995,0.000300624819599998,40.7170941733534,-73.984520708365,40.7165689091105,-73.9808673435325,0.06108431130213,0.06078368648253,2020.19938063201,2020.19968125683,71200000
996,1000,9.15920788800151e-05,40.7082676421029,-73.9866446808911,40.7121379130015,-73.9865139151501,0.06077976588561,0.06068817380673,2020.19928511933,2020.19937671141,71200000
996,997,0.000314425302299998,40.7082676421029,-73.9866446808911,40.7065476906919,-73.9840200547038,0.06100259910903,0.06068817380673,2020.19928511933,2020.19959954464,71200000
997,999,8.17121931500076e-05,40.7065476906919,-73.9840200547038,40.707168710561,-73.9839676381214,0.06108431130218,0.06100259910903,2020.19959954464,2020.19968125683,71200000
997,998,8.17121931500076e-05,40.7065476906919,-73.9840200547038,40.707168710561,-73.9839676381214,0.06108431130218,0.06100259910903,2020.19959954464,2020.19968125683,71200000
1001,1002,0.00019026136530001,40.710710333634,-73.9513031339025,40.713302565414,-73.9513367633169,0.06206431130193,0.06187404993663,2020.20047099546,2020.20066125683,71200000
1002,1003,0.00777035505699997,40.713302565414,-73.9513367633169,40.7179888422319,-73.9597198693127,0.06983466635893,0.06206431130193,2020.20066125683,2020.20843161189,71200000
1003,1004,0.00125964494300002,40.7179888422319,-73.9597198693127,40.7313367792708,-73.9620640797367,0.07109431130193,0.06983466635893,2020.20843161189,2020.20969125683,71200000
1005,1006,0.00178999999999999,40.6780526961277,-73.9596599253723,40.6760856497541,-73.9645101126783,0.04795431130163,0.04616431130163,2020.18476125683,2020.18655125683,71200000
1006,1007,0.000927071103100002,40.6760856497541,-73.9645101126783,40.6776889535401,-73.9647684167549,0.04888138240473,0.04795431130163,2020.18655125683,2020.18747832793,71200000
1006,1052,0.00554000000000002,40.6760856497541,-73.9645101126783,40.6728241811184,-73.9639459674695,0.05349431130163,0.04795431130163,2020.18655125683,2020.19209125683,71200000
1007,1008,0.00277292889700001,40.6776889535401,-73.9647684167549,40.6765203196816,-73.976351567754,0.05165431130173,0.04888138240473,2020.18747832793,2020.19025125683,71200000
1008,1009,0.01859,40.6765203196816,-73.976351567754,40.6719431902873,-73.9926923078187,0.07024431130173,0.05165431130173,2020.19025125683,2020.20884125683,71200000
1008,1014,0.01833,40.6765203196816,-73.976351567754,40.7252507699184,-73.9683286164314,0.06998431130173,0.05165431130173,2020.19025125683,2020.20858125683,71200000
1009,1012,0.000689999999999996,40.6719431902873,-73.9926923078187,40.6727243722997,-73.9936584236501,0.07093431130173,0.07024431130173,2020.20884125683,2020.20953125683,71200000
1009,1010,0.000340000000000007,40.6719431902873,-73.9926923078187,40.5379405697548,-73.9993611990068,0.07058431130173,0.07024431130173,2020.20884125683,2020.20918125683,71200000
1010,1011,0.00084999999999999,40.5379405697548,-73.9993611990068,40.5348210742315,-73.9990878745851,0.07143431130173,0.07058431130173,2020.20918125683,2020.21003125683,71200000
1012,1013,0.00048999999999999,40.6727243722997,-73.9936584236501,40.7153735085664,-74.0054782600276,0.07142431130173,0.07093431130173,2020.20953125683,2020.21002125683,71200000
1014,1016,0.000920000000000004,40.7252507699184,-73.9683286164314,40.7235880452846,-73.9666884304087,0.07090431130173,0.06998431130173,2020.20858125683,2020.20950125683,71200000
1014,1015,0.000450000000000006,40.7252507699184,-73.9683286164314,40.7268321413546,-73.9689005409184,0.07043431130173,0.06998431130173,2020.20858125683,2020.20903125683,71200000
1016,1017,3.00000000000022e-05,40.7235880452846,-73.9666884304087,40.7242381877225,-73.9673919071802,0.07093431130173,0.07090431130173,2020.20950125683,2020.20953125683,71200000
1016,1027,0.02516,40.7235880452846,-73.9666884304087,40.7314854162015,-73.9641001565015,0.09606431130173,0.07090431130173,2020.20950125683,2020.23466125683,71200000
1017,1018,0.03078,40.7242381877225,-73.9673919071802,40.7160364403308,-73.9693012542144,0.10171431130173,0.07093431130173,2020.20953125683,2020.24031125683,71200000
1018,1019,0.00494014863,40.7160364403308,-73.9693012542144,40.7343447911547,-73.9573487837421,0.10665445993173,0.10171431130173,2020.24031125683,2020.24525140546,71200000
1018,1023,0.00185,40.7160364403308,-73.9693012542144,40.7114589923969,-73.9559346639946,0.10356431130173,0.10171431130173,2020.24031125683,2020.24216125683,71200000
1019,1020,0.000319851369599999,40.7343447911547,-73.9573487837421,40.7335920846164,-73.9521144032782,0.10697431130133,0.10665445993173,2020.24525140546,2020.24557125683,71200000
1020,1021,0.00025,40.7335920846164,-73.9521144032782,40.7517335746551,-73.9411783155321,0.10722431130133,0.10697431130133,2020.24557125683,2020.24582125683,71200000
1020,1022,0.00018,40.7335920846164,-73.9521144032782,40.7371721782528,-73.9521569512027,0.10715431130133,0.10697431130133,2020.24557125683,2020.24575125683,71200000
1023,1025,0.000609999999999999,40.7114589923969,-73.9559346639946,40.6660323219426,-73.9191311051648,0.10417431130173,0.10356431130173,2020.24216125683,2020.24277125683,71200000
1023,1024,0.00408,40.7114589923969,-73.9559346639946,40.7109526484745,-74.0005379930745,0.10764431130173,0.10356431130173,2020.24216125683,2020.24624125683,71200000
1025,1026,0.00269529341700001,40.6660323219426,-73.9191311051648,40.6867272594411,-73.8392708889093,0.10686960471873,0.10417431130173,2020.24277125683,2020.24546655025,71200000
1027,1028,0.00677,40.7314854162015,-73.9641001565015,40.7223623268956,-73.9720926659931,0.10283431130173,0.09606431130173,2020.23466125683,2020.24143125683,71200000
1027,1040,0.00262,40.7314854162015,-73.9641001565015,40.7407021757016,-73.9695315847664,0.09868431130173,0.09606431130173,2020.23466125683,2020.23728125683,71200000
1028,1029,0.00322,40.7223623268956,-73.9720926659931,40.7307574821564,-73.9653270245939,0.10605431130173,0.10283431130173,2020.24143125683,2020.24465125683,71200000
1028,1034,0.00183,40.7223623268956,-73.9720926659931,40.7418358504625,-73.974066543382,0.10466431130173,0.10283431130173,2020.24143125683,2020.24326125683,71200000
1029,1032,0.000338332090099994,40.7307574821564,-73.9653270245939,40.7700593238266,-73.969316541971,0.10639264339183,0.10605431130173,2020.24465125683,2020.24498958892,71200000
1029,1030,0.000607820819000002,40.7307574821564,-73.9653270245939,40.6818197262806,-73.9595487063648,0.10666213212073,0.10605431130173,2020.24465125683,2020.24525907765,71200000
1030,1031,2.21791810299937e-05,40.6818197262806,-73.9595487063648,40.6304722083057,-74.093504423829,0.10668431130176,0.10666213212073,2020.24525907765,2020.24528125683,71200000
1032,1033,0.000291667909899998,40.7700593238266,-73.969316541971,40.7652938026099,-73.9702123670622,0.10668431130173,0.10639264339183,2020.24498958892,2020.24528125683,71200000
1034,1037,0.00183,40.7418358504625,-73.974066543382,40.7418358504625,-73.974066543382,0.10649431130173,0.10466431130173,2020.24326125683,2020.24509125683,71200000
1034,1035,0.00173601298999999,40.7418358504625,-73.974066543382,40.6378891329808,-73.9567889405187,0.10640032429173,0.10466431130173,2020.24326125683,2020.24499726982,71200000
1035,1036,0.000283987010199993,40.6378891329808,-73.9567889405187,40.6427132639939,-73.9517594738622,0.10668431130193,0.10640032429173,2020.24499726982,2020.24528125683,71200000
1037,1038,7.99999999999967e-05,40.7418358504625,-73.974066543382,40.7428382954711,-73.9746359664843,0.10657431130173,0.10649431130173,2020.24509125683,2020.24517125683,71200000
1037,1039,0.000469999999999998,40.7418358504625,-73.974066543382,40.7451100937154,-73.9791807845231,0.10696431130173,0.10649431130173,2020.24509125683,2020.24556125683,71200000
1040,1041,0.00201999999999999,40.7407021757016,-73.9695315847664,40.756996720938,-73.9954598416342,0.10070431130173,0.09868431130173,2020.23728125683,2020.23930125683,71200000
1040,1045,0.00201999999999999,40.7407021757016,-73.9695315847664,40.756996720938,-73.9954598416342,0.10070431130173,0.09868431130173,2020.23728125683,2020.23930125683,71200000
1041,1044,0.003838488546,40.756996720938,-73.9954598416342,40.7407575159922,-73.9841917267067,0.10454279984773,0.10070431130173,2020.23930125683,2020.24313974537,71200000
1041,1042,0.00196,40.756996720938,-73.9954598416342,40.7255036631593,-74.0002602360009,0.10266431130173,0.10070431130173,2020.23930125683,2020.24126125683,71200000
1042,1043,0.001856630712,40.7255036631593,-74.0002602360009,40.7263036577704,-74.0021125449816,0.10452094201373,0.10266431130173,2020.24126125683,2020.24311788754,71200000
1045,1046,0.00196,40.756996720938,-73.9954598416342,40.7255036631593,-74.0002602360009,0.10266431130173,0.10070431130173,2020.23930125683,2020.24126125683,71200000
1045,1049,0.00196,40.756996720938,-73.9954598416342,40.7255036631593,-74.0002602360009,0.10266431130173,0.10070431130173,2020.23930125683,2020.24126125683,71200000
1046,1048,0.00181222966,40.7255036631593,-74.0002602360009,40.7319479156555,-73.7551251272534,0.10447654096173,0.10266431130173,2020.24126125683,2020.24307348649,71200000
1046,1047,0.001750155263,40.7255036631593,-74.0002602360009,40.7226885302443,-73.9436027512865,0.10441446656473,0.10266431130173,2020.24126125683,2020.24301141209,71200000
1049,1050,0.00190708728,40.7255036631593,-74.0002602360009,40.7644691488222,-73.9117303215774,0.10457139858173,0.10266431130173,2020.24126125683,2020.24316834411,71200000
1049,1051,0.001532636918,40.7255036631593,-74.0002602360009,40.7532670751654,-73.9996383600992,0.10419694821973,0.10266431130173,2020.24126125683,2020.24279389375,71200000
1052,1062,0.00177999999999998,40.6728241811184,-73.9639459674695,40.6718912089704,-73.9587686544997,0.05527431130163,0.05349431130163,2020.19209125683,2020.19387125683,71200000
1052,1053,0.0111842899,40.6728241811184,-73.9639459674695,40.675782711076,-73.9060257796418,0.06467860120163,0.05349431130163,2020.19209125683,2020.20327554673,71200000
1053,1054,0.00016571009800001,40.675782711076,-73.9060257796418,40.6764823154062,-73.9061171881407,0.06484431129963,0.06467860120163,2020.20327554673,2020.20344125683,71200000
1053,1055,0.00211845928900001,40.675782711076,-73.9060257796418,40.6184329281873,-73.9226628484056,0.06679706049063,0.06467860120163,2020.20327554673,2020.20539400602,71200000
1055,1056,0.00283439099499999,40.6184329281873,-73.9226628484056,40.6121884853401,-73.9252410246211,0.06963145148563,0.06679706049063,2020.20539400602,2020.20822839701,71200000
1056,1057,0.00011285981380002,40.6121884853401,-73.9252410246211,40.6106891535156,-73.9257460403627,0.06974431129943,0.06963145148563,2020.20822839701,2020.20834125683,71200000
1057,1058,0.02116,40.6106891535156,-73.9257460403627,40.6074756098664,-74.0232846358657,0.09090431129943,0.06974431129943,2020.20834125683,2020.22950125683,71200000
1057,1060,0.02116,40.6106891535156,-73.9257460403627,40.6074756098664,-74.0232846358657,0.09090431129943,0.06974431129943,2020.20834125683,2020.22950125683,71200000
1058,1059,0.01839,40.6074756098664,-74.0232846358657,40.615664782971,-74.0379236239576,0.10929431129943,0.09090431129943,2020.22950125683,2020.24789125683,71200000
1060,1061,0.01831,40.6074756098664,-74.0232846358657,40.650130980044,-74.0029186743611,0.10921431129943,0.09090431129943,2020.22950125683,2020.24781125683,71200000
1062,1067,0.00190000000000001,40.6718912089704,-73.9587686544997,40.6695508706866,-73.9588116237948,0.05717431130163,0.05527431130163,2020.19387125683,2020.19577125683,71200000
1062,1063,0.0055,40.6718912089704,-73.9587686544997,40.6731606791243,-73.9612689987924,0.06077431130163,0.05527431130163,2020.19387125683,2020.19937125683,71200000
1063,1065,0.00459000000000001,40.6731606791243,-73.9612689987924,40.6825999148235,-73.9680752660739,0.06536431130163,0.06077431130163,2020.19937125683,2020.20396125683,71200000
1063,1064,0.01063,40.6731606791243,-73.9612689987924,40.6633236337798,-73.9668093577909,0.07140431130163,0.06077431130163,2020.19937125683,2020.21000125683,71200000
1065,1066,0.00175999999999998,40.6825999148235,-73.9680752660739,40.7378224612276,-73.9792808597975,0.06712431130163,0.06536431130163,2020.20396125683,2020.20572125683,71200000
1067,1068,0.0139050976,40.6695508706866,-73.9588116237948,40.7258160145478,-73.9487790858243,0.07107940890163,0.05717431130163,2020.19577125683,2020.20967635443,71200000
1068,1069,3.49024005600052e-05,40.7258160145478,-73.9487790858243,40.7263103210633,-73.9490579897584,0.07111431130219,0.07107940890163,2020.20967635443,2020.20971125683,71200000
1069,1070,0.02757,40.7263103210633,-73.9490579897584,40.6909572643262,-73.9413699810282,0.09868431130219,0.07111431130219,2020.20971125683,2020.23728125683,71200000
1069,1082,0.000459999999999988,40.7263103210633,-73.9490579897584,40.7292122828055,-73.9442776654107,0.07157431130219,0.07111431130219,2020.20971125683,2020.21017125683,71200000
1070,1076,0.002,40.6909572643262,-73.9413699810282,40.6477761795406,-73.9568486523827,0.10068431130219,0.09868431130219,2020.23728125683,2020.23928125683,71200000
1070,1071,0.00717,40.6909572643262,-73.9413699810282,40.6541056969653,-73.9289810624528,0.10585431130219,0.09868431130219,2020.23728125683,2020.24445125683,71200000
1071,1072,0.000820000000000001,40.6541056969653,-73.9289810624528,40.6684598800986,-73.9227480892752,0.10667431130219,0.10585431130219,2020.24445125683,2020.24527125683,71200000
1071,1073,0.00192000000000001,40.6541056969653,-73.9289810624528,40.6139157752615,-73.9444785361844,0.10777431130219,0.10585431130219,2020.24445125683,2020.24637125683,71200000
1073,1075,0.00201,40.6139157752615,-73.9444785361844,40.6353425354082,-74.0327625968313,0.10978431130219,0.10777431130219,2020.24637125683,2020.24838125683,71200000
1073,1074,0.000829999999999997,40.6139157752615,-73.9444785361844,40.6434323392649,-73.9720030973546,0.10860431130219,0.10777431130219,2020.24637125683,2020.24720125683,71200000
1076,1079,0.00631,40.6477761795406,-73.9568486523827,40.6591298392097,-73.9655577569776,0.10699431130219,0.10068431130219,2020.23928125683,2020.24559125683,71200000
1076,1077,0.00196,40.6477761795406,-73.9568486523827,40.7255036631593,-74.0002602360009,0.10264431130219,0.10068431130219,2020.23928125683,2020.24124125683,71200000
1077,1078,0.00192000000000001,40.7255036631593,-74.0002602360009,40.6139157752615,-73.9444785361844,0.10456431130219,0.10264431130219,2020.24124125683,2020.24316125683,71200000
1079,1080,0.000240000000000004,40.6591298392097,-73.9655577569776,40.6589948442821,-73.9666984325369,0.10723431130219,0.10699431130219,2020.24559125683,2020.24583125683,71200000
1080,1081,0.000710000000000002,40.6589948442821,-73.9666984325369,40.662714079919,-73.9661356206014,0.10794431130219,0.10723431130219,2020.24583125683,2020.24654125683,71200000
1082,1085,0.03398,40.7292122828055,-73.9442776654107,40.7238455529723,-73.9637963811885,0.10555431130219,0.07157431130219,2020.21017125683,2020.24415125683,71200000
1082,1083,0.03711054016,40.7292122828055,-73.9442776654107,40.7807815335034,-73.9518247071412,0.10868485146219,0.07157431130219,2020.21017125683,2020.24728179699,71200000
1083,1084,0.0003794598417,40.7807815335034,-73.9518247071412,40.782684463759,-73.9530796596005,0.10906431130389,0.10868485146219,2020.24728179699,2020.24766125683,71200000
1085,1086,0.00146,40.7238455529723,-73.9637963811885,40.7184946531958,-73.9671452598914,0.10701431130219,0.10555431130219,2020.24415125683,2020.24561125683,71200000
1085,1088,0.002623656315,40.7238455529723,-73.9637963811885,40.7210296026387,-73.9709520706851,0.10817796761719,0.10555431130219,2020.24415125683,2020.24677491314,71200000
1086,1087,0.00233,40.7184946531958,-73.9671452598914,40.7110148380541,-73.9637198004679,0.10934431130219,0.10701431130219,2020.24561125683,2020.24794125683,71200000
1088,1089,0.000146343684599995,40.7210296026387,-73.9709520706851,40.7217910630818,-73.97093555767,0.10832431130179,0.10817796761719,2020.24677491314,2020.24692125683,71200000
1088,1092,3.49222091200058e-05,40.7210296026387,-73.9709520706851,40.7413957887668,-73.9676135796027,0.10821288982631,0.10817796761719,2020.24677491314,2020.24680983535,71200000
1089,1090,0.000229999999999994,40.7217910630818,-73.97093555767,40.6516779744429,-73.5776546094766,0.10855431130179,0.10832431130179,2020.24692125683,2020.24715125683,71200000
1089,1091,0.000229999999999994,40.7217910630818,-73.97093555767,40.6516779744429,-73.5776546094766,0.10855431130179,0.10832431130179,2020.24692125683,2020.24715125683,71200000
1093,1094,0.01925,40.6832214504511,-73.9753063038261,40.7312236000759,-73.990559285338,0.04707431130163,0.02782431130163,2020.16642125683,2020.18567125683,71200000
1093,1135,0.00536,40.6832214504511,-73.9753063038261,40.6878831194409,-73.9721671211145,0.03318431130163,0.02782431130163,2020.16642125683,2020.17178125683,71200000
1094,1109,0.00180000000000002,40.7312236000759,-73.990559285338,40.6271755207303,-74.0312593455633,0.04887431130163,0.04707431130163,2020.18567125683,2020.18747125683,71200000
1094,1095,0.0199068484,40.7312236000759,-73.990559285338,40.7320982960596,-73.9646288446114,0.06698115970163,0.04707431130163,2020.18567125683,2020.20557810523,71200000
1095,1096,0.00426068290999998,40.7320982960596,-73.9646288446114,40.7224638528958,-73.9827149447124,0.07124184261163,0.06698115970163,2020.20557810523,2020.20983878814,71200000
1095,1098,0.002346190724,40.7320982960596,-73.9646288446114,40.7299769352274,-73.9686322491597,0.06932735042563,0.06698115970163,2020.20557810523,2020.20792429595,71200000
1096,1097,3.24686907900162e-05,40.7224638528958,-73.9827149447124,40.7230510014252,-73.9830852239725,0.07127431130242,0.07124184261163,2020.20983878814,2020.20987125683,71200000
1098,1104,0.000364464274100001,40.7299769352274,-73.9686322491597,40.7308509573855,-73.9661331648999,0.06969181469973,0.06932735042563,2020.20792429595,2020.20828876023,71200000
1098,1099,0.000856861353299987,40.7299769352274,-73.9686322491597,40.7368460611311,-73.9676321780035,0.07018421177893,0.06932735042563,2020.20792429595,2020.20878115731,71200000
1099,1100,0.000775731914199995,40.7368460611311,-73.9676321780035,40.703730211033,-73.9385314998862,0.07095994369313,0.07018421177893,2020.20878115731,2020.20955688922,71200000
1100,1101,4.47211548901261e-06,40.703730211033,-73.9385314998862,40.7038129348111,-73.9382255865432,0.070964415808619,0.07095994369313,2020.20955688922,2020.20956136134,71200000
1100,1103,0.000104367609100015,40.703730211033,-73.9385314998862,40.7017836904877,-73.9384245194901,0.07106431130223,0.07095994369313,2020.20955688922,2020.20966125683,71200000
1101,1102,9.98954935799989e-05,40.7038129348111,-73.9382255865432,40.6040672097736,-73.926567769685,0.071064311302199,0.070964415808619,2020.20956136134,2020.20966125683,71200000
1104,1105,0.000343438560099996,40.7308509573855,-73.9661331648999,40.6883495668115,-73.8209148500583,0.07003525325983,0.06969181469973,2020.20828876023,2020.20863219879,71200000
1104,1108,0.00118249660200001,40.7308509573855,-73.9661331648999,40.7402520904921,-73.965435179093,0.07087431130173,0.06969181469973,2020.20828876023,2020.20947125683,71200000
1105,1106,0.000370840511000003,40.6883495668115,-73.8209148500583,40.6846038440889,-73.8207083286913,0.07040609377083,0.07003525325983,2020.20863219879,2020.2090030393,71200000
1105,1107,0.00125905804199999,40.6883495668115,-73.8209148500583,40.6877939010369,-73.8278112901801,0.07129431130183,0.07003525325983,2020.20863219879,2020.20989125683,71200000
1109,1110,0.02111785671,40.6271755207303,-74.0312593455633,40.7347732055707,-74.0031509411627,0.06999216801163,0.04887431130163,2020.18747125683,2020.20858911354,71200000
1109,1115,0.01568,40.6271755207303,-74.0312593455633,40.7402056963304,-73.9859117409949,0.06455431130163,0.04887431130163,2020.18747125683,2020.20315125683,71200000
1110,1113,0.000362143292000017,40.7347732055707,-74.0031509411627,40.7372412507499,-74.0007029807028,0.07035431130363,0.06999216801163,2020.20858911354,2020.20895125683,71200000
1110,1111,0.000362143292000017,40.7347732055707,-74.0031509411627,40.7372412507499,-74.0007029807028,0.07035431130363,0.06999216801163,2020.20858911354,2020.20895125683,71200000
1111,1112,0.000769999999999993,40.7372412507499,-74.0007029807028,40.736713463894,-73.9899352389604,0.07112431130363,0.07035431130363,2020.20895125683,2020.20972125683,71200000
1113,1114,0.000769999999999993,40.7372412507499,-74.0007029807028,40.736713463894,-73.9899352389604,0.07112431130363,0.07035431130363,2020.20895125683,2020.20972125683,71200000
1115,1116,0.00175,40.7402056963304,-73.9859117409949,40.6319847727761,-73.9834589761855,0.06630431130163,0.06455431130163,2020.20315125683,2020.20490125683,71200000
1115,1124,0.00175,40.7402056963304,-73.9859117409949,40.6319847727761,-73.9834589761855,0.06630431130163,0.06455431130163,2020.20315125683,2020.20490125683,71200000
1116,1119,0.00175,40.6319847727761,-73.9834589761855,40.6319847727761,-73.9834589761855,0.06805431130163,0.06630431130163,2020.20490125683,2020.20665125683,71200000
1116,1117,0.00489000000000001,40.6319847727761,-73.9834589761855,40.7491262536934,-73.9813905275557,0.07119431130163,0.06630431130163,2020.20490125683,2020.20979125683,71200000
1117,1118,0.03285,40.7491262536934,-73.9813905275557,40.7228386098308,-74.002361529938,0.10404431130163,0.07119431130163,2020.20979125683,2020.24264125683,71200000
1119,1121,0.00181000000000001,40.6319847727761,-73.9834589761855,40.6291009127694,-73.9827846098101,0.06986431130163,0.06805431130163,2020.20665125683,2020.20846125683,71200000
1119,1120,0.00226999999999999,40.6319847727761,-73.9834589761855,40.7201039840448,-73.9868623653507,0.07032431130163,0.06805431130163,2020.20665125683,2020.20892125683,71200000
1121,1123,0.000640000000000002,40.6291009127694,-73.9827846098101,40.7456876942725,-73.9805135612591,0.07050431130163,0.06986431130163,2020.20846125683,2020.20910125683,71200000
1121,1122,0.00192000000000001,40.6291009127694,-73.9827846098101,40.6139157752615,-73.9444785361844,0.07178431130163,0.06986431130163,2020.20846125683,2020.21038125683,71200000
1124,1130,0.00175,40.6319847727761,-73.9834589761855,40.6319847727761,-73.9834589761855,0.06805431130163,0.06630431130163,2020.20490125683,2020.20665125683,71200000
1124,1125,0.00175,40.6319847727761,-73.9834589761855,40.6319847727761,-73.9834589761855,0.06805431130163,0.06630431130163,2020.20490125683,2020.20665125683,71200000
1125,1126,0.00372999999999998,40.6319847727761,-73.9834589761855,40.6768311596947,-74.0048938184678,0.07178431130163,0.06805431130163,2020.20665125683,2020.21038125683,71200000
1125,1127,0.00181000000000001,40.6319847727761,-73.9834589761855,40.6291009127694,-73.9827846098101,0.06986431130163,0.06805431130163,2020.20665125683,2020.20846125683,71200000
1127,1128,0.00192000000000001,40.6291009127694,-73.9827846098101,40.6139157752615,-73.9444785361844,0.07178431130163,0.06986431130163,2020.20846125683,2020.21038125683,71200000
1127,1129,0.00192000000000001,40.6291009127694,-73.9827846098101,40.6139157752615,-73.9444785361844,0.07178431130163,0.06986431130163,2020.20846125683,2020.21038125683,71200000
1130,1132,0.00181000000000001,40.6319847727761,-73.9834589761855,40.6291009127694,-73.9827846098101,0.06986431130163,0.06805431130163,2020.20665125683,2020.20846125683,71200000
1130,1131,0.00372999999999998,40.6319847727761,-73.9834589761855,40.6768311596947,-74.0048938184678,0.07178431130163,0.06805431130163,2020.20665125683,2020.21038125683,71200000
1132,1134,0.00192000000000001,40.6291009127694,-73.9827846098101,40.6139157752615,-73.9444785361844,0.07178431130163,0.06986431130163,2020.20846125683,2020.21038125683,71200000
1132,1133,0.00192000000000001,40.6291009127694,-73.9827846098101,40.6139157752615,-73.9444785361844,0.07178431130163,0.06986431130163,2020.20846125683,2020.21038125683,71200000
1135,1136,0.00200999999999998,40.6878831194409,-73.9721671211145,40.6803419006138,-73.9660447428842,0.03519431130163,0.03318431130163,2020.17178125683,2020.17379125683,71200000
1135,1184,0.00957,40.6878831194409,-73.9721671211145,40.6612315674837,-73.9506847341403,0.04275431130163,0.03318431130163,2020.17178125683,2020.18135125683,71200000
1136,1137,0.01898216906,40.6803419006138,-73.9660447428842,40.6223552252743,-73.9799748235413,0.05417648036163,0.03519431130163,2020.17379125683,2020.19277342589,71200000
1136,1151,0.02379,40.6803419006138,-73.9660447428842,40.6785072090979,-73.9604600047063,0.05898431130163,0.03519431130163,2020.17379125683,2020.19758125683,71200000
1137,1138,0.00210783094,40.6223552252743,-73.9799748235413,40.6693831020461,-73.968445096652,0.05628431130163,0.05417648036163,2020.19277342589,2020.19488125683,71200000
1137,1146,0.000186531202800017,40.6223552252743,-73.9799748235413,40.6231335899938,-73.9948245849551,0.05436301156443,0.05417648036163,2020.19277342589,2020.19295995709,71200000
1138,1139,0.0055,40.6693831020461,-73.968445096652,40.6731606791243,-73.9612689987924,0.06178431130163,0.05628431130163,2020.19488125683,2020.20038125683,71200000
1139,1141,0.00179000000000001,40.6731606791243,-73.9612689987924,40.6603152535171,-73.9536245290011,0.06357431130163,0.06178431130163,2020.20038125683,2020.20217125683,71200000
1139,1140,0.00963,40.6731606791243,-73.9612689987924,40.7014050836796,-74.0227416034955,0.07141431130163,0.06178431130163,2020.20038125683,2020.21001125683,71200000
1141,1142,0.00736999999999999,40.6603152535171,-73.9536245290011,40.669892300902,-73.9466506928113,0.07094431130163,0.06357431130163,2020.20217125683,2020.20954125683,71200000
1142,1143,2.000000000002e-05,40.669892300902,-73.9466506928113,40.6707389938141,-73.946830215284,0.07096431130163,0.07094431130163,2020.20954125683,2020.20956125683,71200000
1143,1144,0.00047999999999998,40.6707389938141,-73.946830215284,40.6570776940688,-73.944540266593,0.07144431130163,0.07096431130163,2020.20956125683,2020.21004125683,71200000
1144,1145,0.02296,40.6570776940688,-73.944540266593,40.6866245399585,-73.651423851832,0.09440431130163,0.07144431130163,2020.21004125683,2020.23300125683,71200000
1146,1147,9.12997372100044e-05,40.6231335899938,-73.9948245849551,40.6240449980367,-73.9956394724415,0.05445431130164,0.05436301156443,2020.19295995709,2020.19305125683,71200000
1146,1150,0.05450129974,40.6231335899938,-73.9948245849551,40.6544453192121,-73.9933360988411,0.10886431130443,0.05436301156443,2020.19295995709,2020.24746125683,71200000
1147,1149,0.01616,40.6240449980367,-73.9956394724415,40.7004224108146,-73.965380085963,0.07061431130164,0.05445431130164,2020.19305125683,2020.20921125683,71200000
1147,1148,0.05414,40.6240449980367,-73.9956394724415,40.6531668016599,-74.0140202665305,0.10859431130164,0.05445431130164,2020.19305125683,2020.24719125683,71200000
1151,1158,0.00993000000000002,40.6785072090979,-73.9604600047063,40.6771024526257,-73.955216303009,0.06891431130163,0.05898431130163,2020.19758125683,2020.20751125683,71200000
1151,1152,0.01115445799,40.6785072090979,-73.9604600047063,40.6811138731792,-73.9509660296235,0.07013876929163,0.05898431130163,2020.19758125683,2020.20873571482,71200000
1152,1153,0.000708125228700007,40.6811138731792,-73.9509660296235,40.6692095176426,-73.9359269434979,0.07084689452033,0.07013876929163,2020.20873571482,2020.20944384005,71200000
1153,1156,0.03792689904,40.6692095176426,-73.9359269434979,40.7043256967607,-73.9599770757379,0.10877379356033,0.07084689452033,2020.20944384005,2020.24737073909,71200000
1153,1154,0.000257416780399977,40.6692095176426,-73.9359269434979,40.6699630757504,-73.9311628203721,0.07110431130073,0.07084689452033,2020.20944384005,2020.20970125683,71200000
1154,1155,0.02525,40.6699630757504,-73.9311628203721,40.7379636047146,-73.8239438220621,0.09635431130073,0.07110431130073,2020.20970125683,2020.23495125683,71200000
1156,1157,0.000247399652999997,40.7043256967607,-73.9599770757379,40.7027758958776,-73.9631570442968,0.10902119321333,0.10877379356033,2020.24737073909,2020.24761813874,71200000
1158,1159,0.00102027246499997,40.6771024526257,-73.955216303009,40.6817361539694,-73.9637704229242,0.06993458376663,0.06891431130163,2020.20751125683,2020.20853152929,71200000
1158,1169,0.00156999999999999,40.6771024526257,-73.955216303009,40.7505419681431,-73.8835382379802,0.07048431130163,0.06891431130163,2020.20751125683,2020.20908125683,71200000
1159,1160,0.00037784412230002,40.6817361539694,-73.9637704229242,40.6848934144567,-73.9453927126564,0.07031242788893,0.06993458376663,2020.20853152929,2020.20890937342,71200000
1159,1162,0.00101569326200002,40.6817361539694,-73.9637704229242,40.7216398726805,-73.9701659016342,0.07095027702863,0.06993458376663,2020.20853152929,2020.20954722256,71200000
1160,1161,0.00023188341289998,40.6848934144567,-73.9453927126564,40.6930244822602,-73.9430813844595,0.07054431130183,0.07031242788893,2020.20890937342,2020.20914125683,71200000
1162,1165,8.84831864100821e-06,40.7216398726805,-73.9701659016342,40.7220123367907,-73.9701892470421,0.070959125347271,0.07095027702863,2020.20954722256,2020.20955607087,71200000
1162,1163,2.8494887020003e-05,40.7216398726805,-73.9701659016342,40.7208308299155,-73.9697873109605,0.07097877191565,0.07095027702863,2020.20954722256,2020.20957571744,71200000
1163,1164,0.03630553939,40.7208308299155,-73.9697873109605,40.7059673719717,-73.6740218162278,0.10728431130565,0.07097877191565,2020.20957571744,2020.24588125683,71200000
1165,1166,0.000400624668999983,40.7220123367907,-73.9701892470421,40.7141626642035,-73.96876875879,0.071359750016271,0.070959125347271,2020.20955607087,2020.20995669554,71200000
1166,1167,0.0001545612852,40.7141626642035,-73.96876875879,40.7101139288578,-73.9678067265558,0.071514311301471,0.071359750016271,2020.20995669554,2020.21011125683,71200000
1166,1168,0.0001545612852,40.7141626642035,-73.96876875879,40.7101139288578,-73.9678067265558,0.071514311301471,0.071359750016271,2020.20995669554,2020.21011125683,71200000
1169,1172,0.000316159441899999,40.7505419681431,-73.8835382379802,40.7226413207184,-73.671519147748,0.07080047074353,0.07048431130163,2020.20908125683,2020.20939741627,71200000
1169,1170,0.00103,40.7505419681431,-73.8835382379802,40.7511693952938,-73.8834442023495,0.07151431130163,0.07048431130163,2020.20908125683,2020.21011125683,71200000
1170,1171,0.02211,40.7511693952938,-73.8834442023495,40.7397796666152,-73.8764832189956,0.09362431130163,0.07151431130163,2020.21011125683,2020.23222125683,71200000
1172,1173,0.000171775776600019,40.7226413207184,-73.671519147748,40.732171510984,-73.6680083899022,0.07097224652013,0.07080047074353,2020.20939741627,2020.20956919205,71200000
1172,1179,7.41767453399378e-06,40.7226413207184,-73.671519147748,40.7205601120956,-73.6691888416075,0.070807888418064,0.07080047074353,2020.20939741627,2020.20940483395,71200000
1173,1176,6.20647814799924e-05,40.732171510984,-73.6680083899022,40.7315575135544,-73.6680729968024,0.07103431130161,0.07097224652013,2020.20956919205,2020.20963125683,71200000
1173,1174,6.20647814799924e-05,40.732171510984,-73.6680083899022,40.7315575135544,-73.6680729968024,0.07103431130161,0.07097224652013,2020.20956919205,2020.20963125683,71200000
1174,1175,0.02259,40.7315575135544,-73.6680729968024,40.669302101687,-73.9567121410047,0.09362431130161,0.07103431130161,2020.20963125683,2020.23222125683,71200000
1176,1178,0.02259,40.7315575135544,-73.6680729968024,40.669302101687,-73.9567121410047,0.09362431130161,0.07103431130161,2020.20963125683,2020.23222125683,71200000
1176,1177,0.02259,40.7315575135544,-73.6680729968024,40.669302101687,-73.9567121410047,0.09362431130161,0.07103431130161,2020.20963125683,2020.23222125683,71200000
1179,1183,0.000226422883499999,40.7205601120956,-73.6691888416075,40.7212697551748,-73.6672558071727,0.071034311301564,0.070807888418064,2020.20940483395,2020.20963125683,71200000
1179,1180,0.000226422883499999,40.7205601120956,-73.6691888416075,40.7212697551748,-73.6672558071727,0.071034311301564,0.070807888418064,2020.20940483395,2020.20963125683,71200000
1180,1182,0.02259,40.7212697551748,-73.6672558071727,40.669302101687,-73.9567121410047,0.093624311301564,0.071034311301564,2020.20963125683,2020.23222125683,71200000
1180,1181,0.02259,40.7212697551748,-73.6672558071727,40.669302101687,-73.9567121410047,0.093624311301564,0.071034311301564,2020.20963125683,2020.23222125683,71200000
1184,1185,0.02156,40.6612315674837,-73.9506847341403,40.7008821066985,-73.7059556528327,0.06431431130163,0.04275431130163,2020.18135125683,2020.20291125683,71200000
1184,1190,0.00172,40.6612315674837,-73.9506847341403,40.6617425157401,-73.9536142521935,0.04447431130163,0.04275431130163,2020.18135125683,2020.18307125683,71200000
1185,1186,0.00176999999999999,40.7008821066985,-73.7059556528327,40.6431135908636,-74.02477166954,0.06608431130163,0.06431431130163,2020.20291125683,2020.20468125683,71200000
1186,1187,0.00176999999999999,40.6431135908636,-74.02477166954,40.6431135908636,-74.02477166954,0.06785431130163,0.06608431130163,2020.20468125683,2020.20645125683,71200000
1187,1188,0.00180999999999998,40.6431135908636,-74.02477166954,40.7234316305854,-73.687515551025,0.06966431130163,0.06785431130163,2020.20645125683,2020.20826125683,71200000
1188,1189,0.00188000000000002,40.7234316305854,-73.687515551025,40.7151463139123,-73.6867719143007,0.07154431130163,0.06966431130163,2020.20826125683,2020.21014125683,71200000
1190,1191,0.00175,40.6617425157401,-73.9536142521935,40.6319847727761,-73.9834589761855,0.04622431130163,0.04447431130163,2020.18307125683,2020.18482125683,71200000
1190,1219,0.02342,40.6617425157401,-73.9536142521935,40.6506143125327,-73.9864015912662,0.06789431130163,0.04447431130163,2020.18307125683,2020.20649125683,71200000
1191,1192,0.015,40.6319847727761,-73.9834589761855,40.7269161460141,-73.9701098576679,0.06122431130163,0.04622431130163,2020.18482125683,2020.19982125683,71200000
1191,1200,0.01186,40.6319847727761,-73.9834589761855,40.6866681090665,-73.9326382249851,0.05808431130163,0.04622431130163,2020.18482125683,2020.19668125683,71200000
1192,1195,0.00905999999999998,40.7269161460141,-73.9701098576679,40.7496606590749,-73.9734871211996,0.07028431130163,0.06122431130163,2020.19982125683,2020.20888125683,71200000
1192,1193,0.00161785317900001,40.7269161460141,-73.9701098576679,40.7318065199382,-73.9683753305538,0.06284216448063,0.06122431130163,2020.19982125683,2020.20143911001,71200000
1193,1194,0.04718214682,40.7318065199382,-73.9683753305538,40.6477736200422,-74.0147463481598,0.11002431130063,0.06284216448063,2020.20143911001,2020.24862125683,71200000
1195,1196,0.000620000000000009,40.7496606590749,-73.9734871211996,40.7487719523263,-73.9776131604797,0.07090431130163,0.07028431130163,2020.20888125683,2020.20950125683,71200000
1195,1198,0.000620000000000009,40.7496606590749,-73.9734871211996,40.7487719523263,-73.9776131604797,0.07090431130163,0.07028431130163,2020.20888125683,2020.20950125683,71200000
1196,1197,0.00048999999999999,40.7487719523263,-73.9776131604797,40.7153735085664,-74.0054782600276,0.07139431130163,0.07090431130163,2020.20950125683,2020.20999125683,71200000
1198,1199,0.00048999999999999,40.7487719523263,-73.9776131604797,40.7153735085664,-74.0054782600276,0.07139431130163,0.07090431130163,2020.20950125683,2020.20999125683,71200000
1200,1201,0.01237,40.6866681090665,-73.9326382249851,40.7018332647451,-73.8993778501243,0.07045431130163,0.05808431130163,2020.19668125683,2020.20905125683,71200000
1200,1211,0.00175,40.6866681090665,-73.9326382249851,40.6319847727761,-73.9834589761855,0.05983431130163,0.05808431130163,2020.19668125683,2020.19843125683,71200000
1201,1202,8.00000000000245e-05,40.7018332647451,-73.8993778501243,40.6408690846327,-73.9597463616276,0.07053431130163,0.07045431130163,2020.20905125683,2020.20913125683,71200000
1201,1206,0.000472714396700019,40.7018332647451,-73.8993778501243,40.7108944581345,-73.8993204940596,0.07092702569833,0.07045431130163,2020.20905125683,2020.20952397123,71200000
1202,1203,1.99999999999922e-05,40.6408690846327,-73.9597463616276,40.7034902971306,-73.9002901279648,0.07055431130163,0.07053431130163,2020.20913125683,2020.20915125683,71200000
1203,1204,0.0321,40.7034902971306,-73.9002901279648,40.5964855006879,-73.9574333103667,0.10265431130163,0.07055431130163,2020.20915125683,2020.24125125683,71200000
1204,1205,0.00163532405400001,40.5964855006879,-73.9574333103667,40.6114445857966,-73.9659494967893,0.10428963535563,0.10265431130163,2020.24125125683,2020.24288658088,71200000
1206,1207,0.0383372856,40.7108944581345,-73.8993204940596,40.8317648945466,-73.894887175292,0.10926431129833,0.07092702569833,2020.20952397123,2020.24786125683,71200000
1206,1210,0.000797285603300002,40.7108944581345,-73.8993204940596,40.7015371587409,-73.896928366504,0.07172431130163,0.07092702569833,2020.20952397123,2020.21032125683,71200000
1207,1209,0.000399999999999998,40.8317648945466,-73.894887175292,40.8293138725973,-73.8956198187126,0.10966431129833,0.10926431129833,2020.24786125683,2020.24826125683,71200000
1207,1208,0.000399999999999998,40.8317648945466,-73.894887175292,40.8293138725973,-73.8956198187126,0.10966431129833,0.10926431129833,2020.24786125683,2020.24826125683,71200000
1211,1213,0.00988999999999998,40.6319847727761,-73.9834589761855,40.7410937561236,-73.9348830544221,0.06972431130163,0.05983431130163,2020.19843125683,2020.20832125683,71200000
1211,1212,0.00146598771299999,40.6319847727761,-73.9834589761855,40.6891086288604,-73.931912851585,0.06130029901463,0.05983431130163,2020.19843125683,2020.19989724454,71200000
1213,1214,0.00156000000000001,40.7410937561236,-73.9348830544221,40.7272247686214,-73.9311925992791,0.07128431130163,0.06972431130163,2020.20832125683,2020.20988125683,71200000
1213,1215,0.02572,40.7410937561236,-73.9348830544221,40.7866859262742,-73.9149773579105,0.09544431130163,0.06972431130163,2020.20832125683,2020.23404125683,71200000
1215,1216,0.01210474492,40.7866859262742,-73.9149773579105,40.7227462619395,-73.5715105618953,0.10754905622163,0.09544431130163,2020.23404125683,2020.24614600175,71200000
1216,1218,0.000395255080199997,40.7227462619395,-73.5715105618953,40.7296066088974,-73.5718790294689,0.10794431130183,0.10754905622163,2020.24614600175,2020.24654125683,71200000
1216,1217,0.00148525508,40.7227462619395,-73.5715105618953,40.8531425567405,-73.0058710478147,0.10903431130163,0.10754905622163,2020.24614600175,2020.24763125683,71200000
1219,1220,0.00184000000000001,40.6506143125327,-73.9864015912662,40.6780526961277,-73.9596599253723,0.06973431130163,0.06789431130163,2020.20649125683,2020.20833125683,71200000
1219,1239,0.00183240009900001,40.6506143125327,-73.9864015912662,40.6417823565319,-73.9769150507429,0.06972671140063,0.06789431130163,2020.20649125683,2020.20832365693,71200000
1220,1221,8.5542293359997e-05,40.6780526961277,-73.9596599253723,40.6504399495252,-73.9720842076804,0.06981985359499,0.06973431130163,2020.20833125683,2020.20841679912,71200000
1220,1231,0.000655521437399997,40.6780526961277,-73.9596599253723,40.6691982614508,-73.9698088703327,0.07038983273903,0.06973431130163,2020.20833125683,2020.20898677827,71200000
1221,1223,0.000160478964700006,40.6504399495252,-73.9720842076804,40.6503677565207,-73.9734003491284,0.06998033255969,0.06981985359499,2020.20841679912,2020.20857727809,71200000
1221,1222,2.01816014900047e-05,40.6504399495252,-73.9720842076804,40.6500925900619,-73.9712583416451,0.06984003519648,0.06981985359499,2020.20841679912,2020.20843698072,71200000
1223,1226,0.00104438149899999,40.6503677565207,-73.9734003491284,40.6442804556571,-73.968607750802,0.07102471405869,0.06998033255969,2020.20857727809,2020.20962165959,71200000
1223,1224,0.000793978741900014,40.6503677565207,-73.9734003491284,40.6490324769599,-73.9772349352207,0.07077431130159,0.06998033255969,2020.20857727809,2020.20937125683,71200000
1224,1225,0.0384,40.6490324769599,-73.9772349352207,40.6933321558859,-73.9702076888952,0.10917431130159,0.07077431130159,2020.20937125683,2020.24777125683,71200000
1226,1228,0.000339597243300016,40.6442804556571,-73.968607750802,40.649826338969,-73.9627157896879,0.07136431130199,0.07102471405869,2020.20962165959,2020.20996125683,71200000
1226,1227,0.03622959724,40.6442804556571,-73.968607750802,40.5333387719797,-74.0443545010432,0.10725431129869,0.07102471405869,2020.20962165959,2020.24585125683,71200000
1228,1229,0.03781,40.649826338969,-73.9627157896879,40.715977063189,-73.7246650502454,0.10917431130199,0.07136431130199,2020.20996125683,2020.24777125683,71200000
1229,1230,0.000689999999999996,40.715977063189,-73.7246650502454,40.6727243722997,-73.9936584236501,0.10986431130199,0.10917431130199,2020.24777125683,2020.24846125683,71200000
1231,1232,3.41513831799978e-05,40.6691982614508,-73.9698088703327,40.6721037476454,-73.9694519818143,0.07042398412221,0.07038983273903,2020.20898677827,2020.20902092965,71200000
1231,1237,0.000315375966200016,40.6691982614508,-73.9698088703327,40.6631715555765,-73.9627378056315,0.07070520870523,0.07038983273903,2020.20898677827,2020.20930215423,71200000
1232,1236,0.000370327179399998,40.6721037476454,-73.9694519818143,40.6841411594737,-73.9624477648217,0.07079431130161,0.07042398412221,2020.20902092965,2020.20939125683,71200000
1232,1233,0.03916800227,40.6721037476454,-73.9694519818143,40.7398156110234,-73.8817051831603,0.10959198639221,0.07042398412221,2020.20902092965,2020.24818893192,71200000
1233,1234,0.000162324911900005,40.7398156110234,-73.8817051831603,40.7435006441631,-73.8815602296886,0.10975431130411,0.10959198639221,2020.24818893192,2020.24835125683,71200000
1233,1235,0.000162324911900005,40.7398156110234,-73.8817051831603,40.7435006441631,-73.8815602296886,0.10975431130411,0.10959198639221,2020.24818893192,2020.24835125683,71200000
1237,1238,0.00103910259599999,40.6631715555765,-73.9627378056315,40.6682027455226,-73.9665158865395,0.07174431130123,0.07070520870523,2020.20930215423,2020.21034125683,71200000
1239,1240,0.000116200783800008,40.6417823565319,-73.9769150507429,40.8270388165482,-73.8991413815701,0.06984291218443,0.06972671140063,2020.20832365693,2020.20843985771,71200000
1239,1247,0.000537599900800018,40.6417823565319,-73.9769150507429,40.6432606086196,-73.9993489122962,0.07026431130143,0.06972671140063,2020.20832365693,2020.20886125683,71200000
1240,1244,3.44059128799812e-05,40.8270388165482,-73.8991413815701,40.8279601119817,-73.8993632786096,0.06987731809731,0.06984291218443,2020.20843985771,2020.20847426362,71200000
1240,1241,0.000511399116999989,40.8270388165482,-73.8991413815701,40.8334407698089,-73.8991450469085,0.07035431130143,0.06984291218443,2020.20843985771,2020.20895125683,71200000
1241,1243,0.000759999999999983,40.8334407698089,-73.8991450469085,40.7563405861547,-73.6609952611269,0.07111431130143,0.07035431130143,2020.20895125683,2020.20971125683,71200000
1241,1242,0.000759999999999983,40.8334407698089,-73.8991450469085,40.7563405861547,-73.6609952611269,0.07111431130143,0.07035431130143,2020.20895125683,2020.20971125683,71200000
1244,1246,0.000101650095400002,40.8279601119817,-73.8993632786096,40.8243008974366,-73.9029820258261,0.06997896819271,0.06987731809731,2020.20847426362,2020.20857591372,71200000
1244,1245,0.000786993204100001,40.8279601119817,-73.8993632786096,40.8290514477646,-73.8978639375272,0.07066431130141,0.06987731809731,2020.20847426362,2020.20926125683,71200000
1247,1248,0.000113575621799977,40.6432606086196,-73.9993489122962,40.6435785785182,-73.9995389118831,0.07037788692323,0.07026431130143,2020.20886125683,2020.20897483245,71200000
1247,1251,5.29782850700045e-05,40.6432606086196,-73.9993489122962,40.6439340646601,-73.9999864161468,0.0703172895865,0.07026431130143,2020.20886125683,2020.20891423511,71200000
1248,1249,0.000336424378200029,40.6435785785182,-73.9995389118831,40.6398662246957,-74.0103709649301,0.07071431130143,0.07037788692323,2020.20897483245,2020.20931125683,71200000
1249,1250,0.03789,40.6398662246957,-74.0103709649301,40.6037787756838,-74.0299564501466,0.10860431130143,0.07071431130143,2020.20931125683,2020.24720125683,71200000
1251,1252,3.32570819799871e-05,40.6439340646601,-73.9999864161468,40.6438241148032,-73.9996042646091,0.07035054666848,0.0703172895865,2020.20891423511,2020.2089474922,71200000
1252,1253,0.000903764632899984,40.6438241148032,-73.9996042646091,40.6718110526886,-73.9737537215674,0.07125431130138,0.07035054666848,2020.2089474922,2020.20985125683,71200000
1253,1256,0.000190000000000023,40.6718110526886,-73.9737537215674,40.5256013171519,-73.9088385822862,0.07144431130138,0.07125431130138,2020.20985125683,2020.21004125683,71200000
1253,1254,0.03306,40.6718110526886,-73.9737537215674,40.6705661460084,-73.9621328296951,0.10431431130138,0.07125431130138,2020.20985125683,2020.24291125683,71200000
1254,1255,0.00275,40.6705661460084,-73.9621328296951,40.6630537516522,-73.9607106415299,0.10706431130138,0.10431431130138,2020.24291125683,2020.24566125683,71200000
1256,1259,0.02488485669,40.5256013171519,-73.9088385822862,40.6275488249109,-73.9351182350703,0.09632916799138,0.07144431130138,2020.21004125683,2020.23492611352,71200000
1256,1257,0.00228999999999999,40.5256013171519,-73.9088385822862,40.6882926113618,-73.7654116662953,0.07373431130138,0.07144431130138,2020.21004125683,2020.21233125683,71200000
1257,1258,0.02238719215,40.6882926113618,-73.7654116662953,40.663711106398,-73.7782422020166,0.09612150345138,0.07373431130138,2020.21233125683,2020.23471844898,71200000
1260,1261,0.000366441983800009,40.6647255950595,-73.9746585970729,40.6605588786832,-73.9800668328919,0.00246109647333001,0.00209465448953,2020.14069160002,2020.141058042,71200000
1260,1268,0.000257855652999989,40.6647255950595,-73.9746585970729,40.6702999698983,-73.9751808147403,0.00235251014252999,0.00209465448953,2020.14069160002,2020.14094945567,71200000
1261,1267,0.000493214828999999,40.6605588786832,-73.9800668328919,40.6605604910498,-73.983605948245,0.00295431130233001,0.00246109647333001,2020.141058042,2020.14155125683,71200000
1261,1262,0.04935350401,40.6605588786832,-73.9800668328919,40.6621235562699,-73.9935409393134,0.05181460048333,0.00246109647333001,2020.141058042,2020.19041154601,71200000
1262,1263,0.000789710814100009,40.6621235562699,-73.9935409393134,40.6840347831916,-73.9933803199929,0.05260431129743,0.05181460048333,2020.19041154601,2020.19120125682,71200000
1262,1264,0.000426689832199983,40.6621235562699,-73.9935409393134,40.6308095396076,-74.1059624048083,0.05224129031553,0.05181460048333,2020.19041154601,2020.19083823584,71200000
1264,1265,0.01526302098,40.6308095396076,-74.1059624048083,40.6274043579147,-74.1167692769313,0.06750431129553,0.05224129031553,2020.19083823584,2020.20610125682,71200000
1265,1266,0.03705,40.6274043579147,-74.1167692769313,40.5360357846261,-74.17546860919,0.10455431129553,0.06750431129553,2020.20610125682,2020.24315125682,71200000
1268,1269,0.000304411240200003,40.6702999698983,-73.9751808147403,40.6700046184918,-73.9773227616205,0.00265692138272999,0.00235251014252999,2020.14094945567,2020.14125386691,71200000
1269,1271,0.03320647006,40.6700046184918,-73.9773227616205,40.745330603491,-73.953272668037,0.03586339144273,0.00265692138272999,2020.14125386691,2020.17446033697,71200000
1269,1270,0.06364738992,40.6700046184918,-73.9773227616205,40.6929217837298,-73.9575504214251,0.06630431130273,0.00265692138272999,2020.14125386691,2020.20490125683,71200000
1271,1272,0.02774091986,40.745330603491,-73.953272668037,40.7345942368513,-73.9325182476217,0.06360431130273,0.03586339144273,2020.17446033697,2020.20220125683,71200000
1271,1288,0.000285192622100028,40.745330603491,-73.953272668037,40.7433787585272,-73.9511710362518,0.03614858406483,0.03586339144273,2020.17446033697,2020.17474552959,71200000
1272,1273,0.00675000000000001,40.7345942368513,-73.9325182476217,40.7233497422582,-73.9398019867413,0.07035431130273,0.06360431130273,2020.20220125683,2020.20895125683,71200000
1272,1275,0.00176000000000001,40.7345942368513,-73.9325182476217,40.7375251140028,-73.873381298626,0.06536431130273,0.06360431130273,2020.20220125683,2020.20396125683,71200000
1273,1274,0.000769999999999993,40.7233497422582,-73.9398019867413,40.736713463894,-73.9899352389604,0.07112431130273,0.07035431130273,2020.20895125683,2020.20972125683,71200000
1275,1279,0.00175999999999998,40.7375251140028,-73.873381298626,40.7378224612276,-73.9792808597975,0.06712431130273,0.06536431130273,2020.20396125683,2020.20572125683,71200000
1275,1276,0.00507999999999997,40.7375251140028,-73.873381298626,40.7339160103543,-73.8739100812741,0.07044431130273,0.06536431130273,2020.20396125683,2020.20904125683,71200000
1276,1277,0.00126999999999999,40.7339160103543,-73.8739100812741,40.7798819992179,-73.8722116714011,0.07171431130273,0.07044431130273,2020.20904125683,2020.21031125683,71200000
1276,1278,0.000780000000000003,40.7339160103543,-73.8739100812741,40.7303604460552,-73.8695591611269,0.07122431130273,0.07044431130273,2020.20904125683,2020.20982125683,71200000
1279,1280,0.00192000000000001,40.7378224612276,-73.9792808597975,40.6139157752615,-73.9444785361844,0.06904431130273,0.06712431130273,2020.20572125683,2020.20764125683,71200000
1279,1281,0.00273000000000001,40.7378224612276,-73.9792808597975,40.7262610469234,-73.8697841967959,0.06985431130273,0.06712431130273,2020.20572125683,2020.20845125683,71200000
1281,1283,0.02448,40.7262610469234,-73.8697841967959,40.764822990691,-73.8729576530457,0.09433431130273,0.06985431130273,2020.20845125683,2020.23293125683,71200000
1281,1282,0.000429999999999986,40.7262610469234,-73.8697841967959,40.7639118396298,-73.9050148622462,0.07028431130273,0.06985431130273,2020.20845125683,2020.20888125683,71200000
1283,1284,0.00201999999999999,40.764822990691,-73.8729576530457,40.756996720938,-73.9954598416342,0.09635431130273,0.09433431130273,2020.23293125683,2020.23495125683,71200000
1283,1285,0.01002,40.764822990691,-73.8729576530457,40.7424170229619,-73.7293915029812,0.10435431130273,0.09433431130273,2020.23293125683,2020.24295125683,71200000
1285,1286,0.00229,40.7424170229619,-73.7293915029812,40.7445694622346,-73.7244512797451,0.10664431130273,0.10435431130273,2020.24295125683,2020.24524125683,71200000
1285,1287,0.00260000000000001,40.7424170229619,-73.7293915029812,40.7162146267723,-73.7785406292051,0.10695431130273,0.10435431130273,2020.24295125683,2020.24555125683,71200000
1288,1289,0.000105727235899994,40.7433787585272,-73.9511710362518,40.7444081666364,-73.9498959688446,0.03625431130073,0.03614858406483,2020.17474552959,2020.17485125683,71200000
1290,1291,0.000345255004100015,40.6646924320856,-73.9731661859764,40.6855808650722,-73.9808824243561,0.00244300559060001,0.0020977505865,2020.14069469611,2020.14103995112,71200000
1291,1293,0.000316613549799977,40.6855808650722,-73.9808824243561,40.6815815094637,-73.9829850903314,0.00275961914039999,0.00244300559060001,2020.14103995112,2020.14135656467,71200000
1291,1292,0.000322404724699993,40.6855808650722,-73.9808824243561,40.6844171616516,-73.9801684196133,0.0027654103153,0.00244300559060001,2020.14103995112,2020.14136235584,71200000
1293,1294,0.000159487889500015,40.6815815094637,-73.9829850903314,40.6822917665873,-73.9828041561473,0.0029191070299,0.00275961914039999,2020.14135656467,2020.14151605256,71200000
1294,1295,3.52042719599932e-05,40.6822917665873,-73.9828041561473,40.6509931303982,-73.9963895195677,0.00295431130186,0.0029191070299,2020.14151605256,2020.14155125683,71200000
1296,1297,0.00017786333719999,40.7612829599137,-73.9467923616059,40.7617066162166,-73.9459061485264,0.00256376289259999,0.0023858995554,2020.14098284508,2020.14116070842,71200000
1297,1298,0.000117993864899996,40.7617066162166,-73.9459061485264,40.7673403294738,-73.9433668458484,0.00268175675749999,0.00256376289259999,2020.14116070842,2020.14127870228,71200000
1297,1299,0.06295534128,40.7617066162166,-73.9459061485264,40.7533402612121,-73.9781752467068,0.0655191041726,0.00256376289259999,2020.14116070842,2020.2041160497,71200000
1299,1300,0.000355207131000013,40.7533402612121,-73.9781752467068,40.7531009299991,-73.9780000829723,0.0658743113036,0.0655191041726,2020.2041160497,2020.20447125683,71200000
1301,1302,0.000723639696599998,40.6828863519613,-73.916278138281,40.6961306364983,-73.9146251516562,0.002954311302,0.0022306716054,2020.14082761713,2020.14155125683,71200000
1301,1303,0.000141765052499992,40.6828863519613,-73.916278138281,40.757867240025,-73.8913339639052,0.00237243665789999,0.0022306716054,2020.14082761713,2020.14096938219,71200000
1303,1305,0.000480027559700003,40.757867240025,-73.8913339639052,40.7566508630834,-73.8921229216309,0.00285246421759999,0.00237243665789999,2020.14096938219,2020.14144940974,71200000
1303,1304,0.05717187464,40.757867240025,-73.8913339639052,40.7736342783275,-73.8963838779112,0.0595443112979,0.00237243665789999,2020.14096938219,2020.19814125683,71200000
1305,1306,0.06601184708,40.7566508630834,-73.8921229216309,40.8009991059073,-73.880032522024,0.0688643112976,0.00285246421759999,2020.14144940974,2020.20746125682,71200000
1306,1307,0.001686954544,40.8009991059073,-73.880032522024,40.8150991940582,-73.9065961224787,0.0705512658416,0.0688643112976,2020.20746125682,2020.20914821137,71200000
1307,1308,0.000253045456499984,40.8150991940582,-73.9065961224787,40.7958888665636,-73.9108146047496,0.0708043112981,0.0705512658416,2020.20914821137,2020.20940125683,71200000
1308,1311,0.000650000000000012,40.7958888665636,-73.9108146047496,40.7978095964042,-73.9067832117276,0.0714543112981,0.0708043112981,2020.20940125683,2020.21005125683,71200000
1308,1309,0.0370834728,40.7958888665636,-73.9108146047496,40.7008280639981,-73.8766699420302,0.1078877840981,0.0708043112981,2020.20940125683,2020.24648472963,71200000
1309,1310,0.000276527202900001,40.7008280639981,-73.8766699420302,40.6984073722703,-73.8797985236759,0.108164311301,0.1078877840981,2020.24648472963,2020.24676125683,71200000
1311,1312,0.03694,40.7978095964042,-73.9067832117276,40.8343303029502,-73.9173539659917,0.1083943112981,0.0714543112981,2020.21005125683,2020.24699125683,71200000
1311,1313,0.02294,40.7978095964042,-73.9067832117276,40.734566401526,-73.8889250904276,0.0943943112981,0.0714543112981,2020.21005125683,2020.23299125683,71200000
1313,1314,0.01425,40.734566401526,-73.8889250904276,40.7257661350756,-73.8934695091135,0.1086443112981,0.0943943112981,2020.23299125683,2020.24724125683,71200000
1313,1315,0.00197,40.734566401526,-73.8889250904276,40.6912640425106,-73.6250182888538,0.0963643112981,0.0943943112981,2020.23299125683,2020.23496125683,71200000
1315,1316,0.01102,40.6912640425106,-73.6250182888538,40.6194307233728,-73.9816296144142,0.1073843112981,0.0963643112981,2020.23496125683,2020.24598125683,71200000
1316,1317,0.00176,40.6194307233728,-73.9816296144142,40.8247499248316,-73.2235816302732,0.1091443112981,0.1073843112981,2020.24598125683,2020.24774125683,71200000
1321,1322,0.000275066850000005,40.3670710903163,-73.5794238323922,40.3305550714012,-73.6183040797994,0.000275066850000005,0,2020.20890618998,2020.20918125683,71200000
1327,1328,0.000202659493899998,40.6582909714622,-74.0340636172663,40.7523617074341,-73.8238880996703,0.000202659493899998,0,2020.24800859734,2020.24821125683,71200000
1327,1329,0.000442659493900002,40.6582909714622,-74.0340636172663,40.6710842727229,-74.0102248485222,0.000442659493900002,0,2020.24800859734,2020.24845125683,71200000
1333,1334,0.000294296266699995,40.3773618821944,-73.9677873542878,40.3904117861157,-73.9639051926392,0.000294296266699995,0,2020.20903696057,2020.20933125684,71200000
1353,1354,7.73058536499976e-05,40.6819781760941,-73.9513778178157,40.6755726538619,-73.9471883891304,7.73058536499976e-05,0,2020.20818571385,2020.20826301971,71200000
1353,1361,0.000872420773600002,40.6819781760941,-73.9513778178157,40.6566911924389,-73.9656335200722,0.000872420773600002,0,2020.20818571385,2020.20905813463,71200000
1354,1358,0.000253706513200003,40.6755726538619,-73.9471883891304,40.6822789795752,-73.9448327953203,0.00033101236685,7.73058536499976e-05,2020.20826301971,2020.20851672622,71200000
1354,1355,0.000998237124100007,40.6755726538619,-73.9471883891304,40.6822820273961,-73.8554188862713,0.00107554297775,7.73058536499976e-05,2020.20826301971,2020.20926125683,71200000
1355,1356,0.000129999999999991,40.6822820273961,-73.8554188862713,40.6526187629147,-73.8563582547707,0.00120554297775,0.00107554297775,2020.20926125683,2020.20939125683,71200000
1355,1357,0.000129999999999991,40.6822820273961,-73.8554188862713,40.6526187629147,-73.8563582547707,0.00120554297775,0.00107554297775,2020.20926125683,2020.20939125683,71200000
1358,1360,0.000514530611,40.6822789795752,-73.9448327953203,40.8724444652924,-73.8607345608061,0.00084554297785,0.00033101236685,2020.20851672622,2020.20903125683,71200000
1358,1359,0.000344530610999996,40.6822789795752,-73.9448327953203,40.6758756566941,-73.94256653082,0.000675542977849997,0.00033101236685,2020.20851672622,2020.20886125683,71200000
1361,1362,0.000362168564600002,40.6566911924389,-73.9656335200722,40.654944957499,-73.9561302708969,0.0012345893382,0.000872420773600002,2020.20905813463,2020.20942030319,71200000
1361,1364,6.64634036700029e-05,40.6566911924389,-73.9656335200722,40.658263227911,-73.9766856727243,0.000938884177270005,0.000872420773600002,2020.20905813463,2020.20912459803,71200000
1362,1363,0.03309095364,40.654944957499,-73.9561302708969,40.6613202981582,-73.9294137027783,0.0343255429782,0.0012345893382,2020.20942030319,2020.24251125683,71200000
1364,1366,0.000386658800600001,40.658263227911,-73.9766856727243,40.6252321649403,-73.9690669514868,0.00132554297787001,0.000938884177270005,2020.20912459803,2020.20951125683,71200000
1364,1365,0.000386658800600001,40.658263227911,-73.9766856727243,40.6252321649403,-73.9690669514868,0.00132554297787001,0.000938884177270005,2020.20912459803,2020.20951125683,71200000
1366,1367,0.0328944266,40.6252321649403,-73.9690669514868,40.7683844941789,-73.8771819548882,0.03421996957787,0.00132554297787001,2020.20951125683,2020.24240568343,71200000
1366,1368,0.0222,40.6252321649403,-73.9690669514868,40.7863067168037,-73.9641579536343,0.02352554297787,0.00132554297787001,2020.20951125683,2020.23171125683,71200000
1368,1369,0.0154,40.7863067168037,-73.9641579536343,40.7870560608133,-73.92729587277,0.03892554297787,0.02352554297787,2020.23171125683,2020.24711125683,71200000
1376,1377,0.00207,40.5812719287531,-74.0029173847128,40.6457286060604,-73.988692493018,0.00207,0,2020.23016125683,2020.23223125683,71200000
1377,1378,0.00904,40.6457286060604,-73.988692493018,40.6064889802734,-74.0098254521844,0.01111,0.00207,2020.23223125683,2020.24127125683,71200000
1378,1379,0.00189,40.6064889802734,-74.0098254521844,40.6281245461536,-74.0129075842145,0.013,0.01111,2020.24127125683,2020.24316125683,71200000
1379,1380,0.00269,40.6281245461536,-74.0129075842145,40.5698506131861,-74.0613369872875,0.01569,0.013,2020.24316125683,2020.24585125683,71200000
1389,1390,0.00192,40.7763089559214,-73.8902911298896,40.7686754756689,-73.8910764502225,0.00192,0,2020.20846125683,2020.21038125683,71200000
1389,1391,0.000919999999999997,40.7763089559214,-73.8902911298896,40.906148899569,-73.884412623352,0.000919999999999997,0,2020.20846125683,2020.20938125683,71200000
1391,1392,0.03378,40.906148899569,-73.884412623352,40.7999090075783,-73.6487409662008,0.0347,0.000919999999999997,2020.20938125683,2020.24316125683,71200000
1391,1393,0.000900000000000005,40.906148899569,-73.884412623352,40.7017984283802,-73.9202613396801,0.00182,0.000919999999999997,2020.20938125683,2020.21028125683,71200000
1393,1394,0.02901,40.7017984283802,-73.9202613396801,40.5544529041882,-74.0024560347183,0.03083,0.00182,2020.21028125683,2020.23929125683,71200000
1394,1395,0.00196,40.5544529041882,-74.0024560347183,40.5521323506396,-73.9840872524253,0.03279,0.03083,2020.23929125683,2020.24125125683,71200000
1399,1400,0.01057,41.0939091596418,-73.9024029445763,41.1469373132917,-73.8549584603215,0.01057,0,2020.19913125683,2020.20970125683,71200000
1404,1405,0.00402653792,41.5895005955569,-74.8002783183184,40.6351488258555,-74.0346656439757,0.00402653792,0,2020.20635471891,2020.21038125683,71200000
1410,1411,6.32505180999943e-05,40.5801318001387,-73.8299018964145,40.5585843027352,-73.8642802216103,6.32505180999943e-05,0,2020.20926800631,2020.20933125683,71200000
1411,1412,0.03381,40.5585843027352,-73.8642802216103,40.5985996662163,-73.8116482519562,0.0338732505181,6.32505180999943e-05,2020.20933125683,2020.24314125683,71200000
1418,1419,0.009052564843,40.7552368541964,-73.8620875239994,40.9675373636875,-73.8740490362869,0.009052564843,0,2020.22945869199,2020.23851125683,71200000
1419,1420,0.001773942179,40.9675373636875,-73.8740490362869,40.6026608653557,-74.3199331328707,0.010826507022,0.009052564843,2020.23851125683,2020.24028519901,71200000
1420,1421,0.002587321933,40.6026608653557,-74.3199331328707,40.7145132422336,-73.6910481369702,0.013413828955,0.010826507022,2020.24028519901,2020.24287252094,71200000
1425,1426,0.0011,40.681596271323,-73.9748756515632,40.7425526374622,-73.9479019622429,0.0011,0,2020.20825125683,2020.20935125683,71200000
