node1,node2,length,startLat,startLon,endLat,endLon,endNodeL,startNodeL,startYear,endYear,treeID,tipLabel
111,1,0.193048576555011,40.7595588224399,-73.8083710570642,40.6194422551981,-73.9527982092418,0.193048576555011,0,2020.06104978411,2020.25409836066,623800000,hCoV-19/USA/NY-NYUMC208/2020
111,112,0.145305778323261,40.7595588224399,-73.8083710570642,40.7260108621253,-73.8839961719425,0.145305778323261,0,2020.06104978411,2020.20635556243,623800000,NA
112,113,0.000125086488153875,40.7260108621253,-73.8839961719425,40.7255815724287,-73.8843379450727,0.145430864811414,0.145305778323261,2020.20635556243,2020.20648064892,623800000,NA
112,110,0.0422783173518138,40.7260108621253,-73.8839961719425,40.7138627696353,-73.9329167203985,0.187584095675074,0.145305778323261,2020.20635556243,2020.24863387978,623800000,hCoV-19/USA/NY-NYUMC166/2020
113,114,0.000855486178614723,40.7255815724287,-73.8843379450727,40.7277432048774,-73.8646847537568,0.146286350990029,0.145430864811414,2020.20648064892,2020.2073361351,623800000,NA
113,116,0.00016687994084319,40.7255815724287,-73.8843379450727,40.7137861600402,-73.8795404593671,0.145597744752258,0.145430864811414,2020.20648064892,2020.20664752886,623800000,NA
114,2,0.000314138124969443,40.7277432048774,-73.8646847537568,40.6122332252007,-73.9447225653472,0.146600489114999,0.146286350990029,2020.2073361351,2020.20765027322,623800000,hCoV-19/USA/NY-NYUMC656/2020
114,115,0.0015071605642554,40.7277432048774,-73.8646847537568,40.7468218361297,-73.8598643018653,0.147793511554285,0.146286350990029,2020.2073361351,2020.20884329566,623800000,NA
115,3,0.0343261032506302,40.7468218361297,-73.8598643018653,40.8918671142442,-73.8595977191749,0.182119614804915,0.147793511554285,2020.20884329566,2020.24316939891,623800000,hCoV-19/USA/NY-NYUMC524/2020
115,4,0.00153921800079607,40.7468218361297,-73.8598643018653,40.714721240987,-73.8383279981835,0.149332729555081,0.147793511554285,2020.20884329566,2020.21038251366,623800000,hCoV-19/USA/NY-NYUMC920/2020
116,117,1.01387714837309e-05,40.7137861600402,-73.8795404593671,40.7135462538862,-73.8789318488859,0.145607883523741,0.145597744752258,2020.20664752886,2020.20665766763,623800000,NA
116,213,4.3582340446352e-05,40.7137861600402,-73.8795404593671,40.7024265975744,-73.8777586596787,0.145641327092704,0.145597744752258,2020.20664752886,2020.2066911112,623800000,NA
117,118,9.0070292474459e-05,40.7135462538862,-73.8789318488859,40.7293685220318,-73.887210396119,0.145697953816216,0.145607883523741,2020.20665766763,2020.20674773792,623800000,NA
117,208,0.00234047571161544,40.7135462538862,-73.8789318488859,40.723036579706,-73.8758437048137,0.147948359235357,0.145607883523741,2020.20665766763,2020.20899814334,623800000,NA
118,119,5.78166941644642e-05,40.7293685220318,-73.887210396119,40.7287947951727,-73.888976738783,0.14575577051038,0.145697953816216,2020.20674773792,2020.20680555462,623800000,NA
118,166,0.000280673022450911,40.7293685220318,-73.887210396119,40.7722761686151,-73.8979301832896,0.145978626838667,0.145697953816216,2020.20674773792,2020.20702841094,623800000,NA
119,122,5.62396912169028e-05,40.7287947951727,-73.888976738783,40.7418826604326,-73.9133774151566,0.145812010201597,0.14575577051038,2020.20680555462,2020.20686179431,623800000,NA
119,120,4.08000406326992e-05,40.7287947951727,-73.888976738783,40.7818060521746,-73.8219058583377,0.145796570551013,0.14575577051038,2020.20680555462,2020.20684635466,623800000,NA
120,121,0.00184119995947585,40.7818060521746,-73.8219058583377,40.7981577901554,-73.8164687563583,0.147637770510489,0.145796570551013,2020.20684635466,2020.20868755462,623800000,NA
120,5,0.000803918563985623,40.7818060521746,-73.8219058583377,40.7785762122093,-73.8201928720758,0.146600489114999,0.145796570551013,2020.20684635466,2020.20765027322,623800000,hCoV-19/USA/NY-NYUMC28/2020
121,7,0.0426785656044401,40.7981577901554,-73.8164687563583,40.8597367133706,-73.886018871727,0.190316336114929,0.147637770510489,2020.20868755462,2020.25136612022,623800000,hCoV-19/USA/NY-NYUMC607/2020
121,6,0.00715943992452847,40.7981577901554,-73.8164687563583,40.6832144193083,-73.7406901212571,0.154797210435017,0.147637770510489,2020.20868755462,2020.21584699454,623800000,hCoV-19/USA/NY-NYUMC830/2020
122,123,0.000794203706377644,40.7418826604326,-73.9133774151566,40.7445552195403,-73.9140479747685,0.146606213907975,0.145812010201597,2020.20686179431,2020.20765599801,623800000,NA
122,126,1.2747003837299e-05,40.7418826604326,-73.9133774151566,40.7407018696782,-73.9139714726164,0.145824757205434,0.145812010201597,2020.20686179431,2020.20687454131,623800000,NA
123,11,0.0027265156471058,40.7445552195403,-73.9140479747685,40.8762876680981,-73.9026105215071,0.149332729555081,0.146606213907975,2020.20765599801,2020.21038251366,623800000,hCoV-19/USA/NY-NYUMC38/2020
123,124,0.00882264659354826,40.7445552195403,-73.9140479747685,40.7307498618173,-73.9221677687621,0.155428860501523,0.146606213907975,2020.20765599801,2020.21647864461,623800000,NA
124,8,0.0949967652335921,40.7307498618173,-73.9221677687621,40.6710441547741,-73.8459461619124,0.250425625735115,0.155428860501523,2020.21647864461,2020.31147540984,623800000,hCoV-19/USA/NY-NYUMC838/2020
124,125,0.00422851533733956,40.7307498618173,-73.9221677687621,40.741398755647,-73.9476105446434,0.159657375838863,0.155428860501523,2020.21647864461,2020.22070715994,623800000,NA
125,9,0.00880103677610114,40.741398755647,-73.9476105446434,40.7250498538332,-73.9944254085499,0.168458412614964,0.159657375838863,2020.22070715994,2020.22950819672,623800000,hCoV-19/USA/NY-NYUMC823/2020
125,10,0.0251944793961296,40.741398755647,-73.9476105446434,40.7086396565438,-73.848961127929,0.184851855234992,0.159657375838863,2020.22070715994,2020.24590163934,623800000,hCoV-19/USA/NY-NYUMC560/2020
126,127,0.000102740253786648,40.7407018696782,-73.9139714726164,40.7526045483052,-73.9050290661512,0.145927497459221,0.145824757205434,2020.20687454131,2020.20697728156,623800000,NA
126,151,0.000967767914142409,40.7407018696782,-73.9139714726164,40.6445236828124,-73.9977013090335,0.146792525119577,0.145824757205434,2020.20687454131,2020.20784230923,623800000,NA
127,36,0.000672991655777472,40.7526045483052,-73.9050290661512,40.7302798560701,-74.0029744895201,0.146600489114999,0.145927497459221,2020.20697728156,2020.20765027322,623800000,hCoV-19/USA/NY-NYUMC27/2020
127,128,9.24357998746683e-06,40.7526045483052,-73.9050290661512,40.7509864842,-73.9053124873049,0.145936741039209,0.145927497459221,2020.20697728156,2020.20698652514,623800000,NA
128,129,4.15230993454363e-05,40.7509864842,-73.9053124873049,40.752498793365,-73.9079134222559,0.145978264138554,0.145936741039209,2020.20698652514,2020.20702804824,623800000,NA
128,148,0.000578695880293911,40.7509864842,-73.9053124873049,40.6994436500432,-73.9461294064558,0.146515436919502,0.145936741039209,2020.20698652514,2020.20756522102,623800000,NA
129,130,0.000973055674857115,40.752498793365,-73.9079134222559,40.8360035916417,-73.9197645699889,0.146951319813411,0.145978264138554,2020.20702804824,2020.20800110392,623800000,NA
129,131,0.000399779088655905,40.752498793365,-73.9079134222559,40.7554594632865,-73.9000004786831,0.14637804322721,0.145978264138554,2020.20702804824,2020.20742782733,623800000,NA
130,12,0.00238140974166948,40.8360035916417,-73.9197645699889,40.8181614505972,-73.9122826088561,0.149332729555081,0.146951319813411,2020.20800110392,2020.21038251366,623800000,hCoV-19/USA/NY-NYUMC98/2020
130,13,0.00238140974166948,40.8360035916417,-73.9197645699889,40.8382009170989,-73.9312211632961,0.149332729555081,0.146951319813411,2020.20800110392,2020.21038251366,623800000,hCoV-19/USA/NY-NYUMC58/2020
131,14,0.0248126098278359,40.7554594632865,-73.9000004786831,40.7411476384798,-73.8762826664071,0.171190653055046,0.14637804322721,2020.20742782733,2020.23224043716,623800000,hCoV-19/USA/NY-NYUMC718/2020
131,132,0.000529966697949552,40.7554594632865,-73.9000004786831,40.7534689642977,-73.9007920753138,0.146908009925159,0.14637804322721,2020.20742782733,2020.20795779403,623800000,NA
132,31,0.0406760857499148,40.7534689642977,-73.9007920753138,40.7116130231664,-73.9768349973209,0.187584095675074,0.146908009925159,2020.20795779403,2020.24863387978,623800000,hCoV-19/USA/NY-NYUMC151/2020
132,133,0.000105523714683309,40.7534689642977,-73.9007920753138,40.7477492285503,-73.90113038701,0.147013533639843,0.146908009925159,2020.20795779403,2020.20806331775,623800000,NA
133,134,0.000792212832130101,40.7477492285503,-73.90113038701,40.7474679479652,-73.8951995221063,0.147805746471973,0.147013533639843,2020.20806331775,2020.20885553058,623800000,NA
133,15,0.00231919591523783,40.7477492285503,-73.90113038701,40.7138180805203,-73.9371772108089,0.149332729555081,0.147013533639843,2020.20806331775,2020.21038251366,623800000,hCoV-19/USA/NY-NYUMC104/2020
134,16,0.0069914639630444,40.7474679479652,-73.8951995221063,40.6370248050965,-73.9780962296249,0.154797210435017,0.147805746471973,2020.20885553058,2020.21584699454,623800000,hCoV-19/USA/NY-NYUMC762/2020
134,135,0.000628686799777872,40.7474679479652,-73.8951995221063,40.7466363521689,-73.8964896354253,0.148434433271751,0.147805746471973,2020.20885553058,2020.20948421738,623800000,NA
135,136,0.000105056921116259,40.7466363521689,-73.8964896354253,40.7441359593021,-73.8940389854884,0.148539490192867,0.148434433271751,2020.20948421738,2020.2095892743,623800000,NA
135,146,0.00657882522589698,40.7466363521689,-73.8964896354253,40.7414017782963,-73.9188579173536,0.155013258497648,0.148434433271751,2020.20948421738,2020.2160630426,623800000,NA
136,137,0.000179941089891916,40.7441359593021,-73.8940389854884,40.8262792427011,-73.8757162608688,0.148719431282759,0.148539490192867,2020.2095892743,2020.20976921539,623800000,NA
136,138,0.00738972229235349,40.7441359593021,-73.8940389854884,40.7060614484156,-73.9798522125025,0.15592921248522,0.148539490192867,2020.2095892743,2020.21697899659,623800000,NA
137,17,0.000613298272321677,40.8262792427011,-73.8757162608688,40.861592470062,-73.9039698337492,0.149332729555081,0.148719431282759,2020.20976921539,2020.21038251366,623800000,hCoV-19/USA/NY-NYUMC121/2020
137,18,0.000613298272321677,40.8262792427011,-73.8757162608688,40.8253841614649,-73.8695040934939,0.149332729555081,0.148719431282759,2020.20976921539,2020.21038251366,623800000,hCoV-19/USA/NY-NYUMC92/2020
138,142,0.00239670964704491,40.7060614484156,-73.9798522125025,40.6964431444569,-73.9834970869384,0.158325922132265,0.15592921248522,2020.21697899659,2020.21937570624,623800000,NA
138,139,0.000262974684291178,40.7060614484156,-73.9798522125025,40.7832566573639,-73.9178836977216,0.156192187169512,0.15592921248522,2020.21697899659,2020.21724197127,623800000,NA
139,19,0.0696432746255563,40.7832566573639,-73.9178836977216,40.7506692928476,-73.8318081134341,0.225835461795068,0.156192187169512,2020.21724197127,2020.2868852459,623800000,hCoV-19/USA/NY-NYUMC445/2020
139,140,0.00447437216578617,40.7832566573639,-73.9178836977216,40.7878763349738,-73.9245388026626,0.160666559335298,0.156192187169512,2020.21724197127,2020.22171634344,623800000,NA
140,141,0.00397594627525458,40.7878763349738,-73.9245388026626,40.8549863162059,-73.8301070214265,0.164642505610552,0.160666559335298,2020.22171634344,2020.22569228972,623800000,NA
140,20,0.0214530554696168,40.7878763349738,-73.9245388026626,40.7650854401131,-73.9119679895446,0.182119614804915,0.160666559335298,2020.22171634344,2020.24316939891,623800000,hCoV-19/USA/NY-NYUMC504/2020
141,22,0.0229415900645219,40.8549863162059,-73.8301070214265,40.8752475410637,-73.8308761485969,0.187584095675074,0.164642505610552,2020.22569228972,2020.24863387978,623800000,hCoV-19/USA/NY-NYUMC591/2020
141,21,0.00654814744449336,40.8549863162059,-73.8301070214265,40.8743030412893,-73.8244020667962,0.171190653055046,0.164642505610552,2020.22569228972,2020.23224043716,623800000,hCoV-19/USA/NY-NYUMC739/2020
142,144,0.00467840210600884,40.6964431444569,-73.9834970869384,40.7385235751142,-73.9850975281147,0.163004324238274,0.158325922132265,2020.21937570624,2020.22405410834,623800000,NA
142,143,0.000433115393800365,40.6964431444569,-73.9834970869384,40.7054925435678,-73.9838438439481,0.158759037526066,0.158325922132265,2020.21937570624,2020.21980882163,623800000,NA
143,23,0.0342895390289452,40.7054925435678,-73.9838438439481,40.6360286212019,-74.0203378996871,0.193048576555011,0.158759037526066,2020.21980882163,2020.25409836066,623800000,hCoV-19/USA/NY-NYUMC219/2020
143,24,0.0342895390289452,40.7054925435678,-73.9838438439481,40.6423879009788,-74.0130621635315,0.193048576555011,0.158759037526066,2020.21980882163,2020.25409836066,623800000,hCoV-19/USA/NY-NYUMC216/2020
144,27,0.0245797714368,40.7385235751142,-73.9850975281147,40.7368623093924,-74.005762552901,0.187584095675074,0.163004324238274,2020.22405410834,2020.24863387978,623800000,hCoV-19/USA/NY-NYUMC204/2020
144,145,0.0262545258141485,40.7385235751142,-73.9850975281147,40.8235176419506,-73.8870401420429,0.189258850052423,0.163004324238274,2020.22405410834,2020.25030863416,623800000,NA
145,26,0.104882622672618,40.8235176419506,-73.8870401420429,40.7366827861834,-73.8801627300032,0.294141472725041,0.189258850052423,2020.25030863416,2020.35519125683,623800000,hCoV-19/USA/NY-NYUMC891/2020
145,25,0.0693634969924793,40.8235176419506,-73.8870401420429,40.8525809483289,-73.8824918548016,0.258622347044902,0.189258850052423,2020.25030863416,2020.31967213115,623800000,hCoV-19/USA/NY-NYUMC904/2020
146,28,0.0325708371774266,40.7414017782963,-73.9188579173536,40.8166973057371,-73.9597082318423,0.187584095675074,0.155013258497648,2020.2160630426,2020.24863387978,623800000,hCoV-19/USA/NY-NYUMC142/2020
146,147,0.00450217364842639,40.7414017782963,-73.9188579173536,40.7489119612213,-73.9170156164925,0.159515432146074,0.155013258497648,2020.2160630426,2020.22056521625,623800000,NA
147,29,0.0280686635290002,40.7489119612213,-73.9170156164925,40.8047637852378,-73.9033705317336,0.187584095675074,0.159515432146074,2020.22056521625,2020.24863387978,623800000,hCoV-19/USA/NY-NYUMC160/2020
147,30,0.0116752209089717,40.7489119612213,-73.9170156164925,40.6013802360967,-73.7464622700957,0.171190653055046,0.159515432146074,2020.22056521625,2020.23224043716,623800000,hCoV-19/USA/NY-NYUMC699/2020
148,150,0.0193011560303489,40.6994436500432,-73.9461294064558,40.5365375209428,-74.0613458046628,0.165816592949851,0.146515436919502,2020.20756522102,2020.22686637706,623800000,NA
148,149,0.000311592696231822,40.6994436500432,-73.9461294064558,40.7003004105776,-73.9504564977981,0.146827029615734,0.146515436919502,2020.20756522102,2020.20787681372,623800000,NA
149,32,0.0025056999393463,40.7003004105776,-73.9504564977981,40.7222633484931,-73.972712625832,0.149332729555081,0.146827029615734,2020.20787681372,2020.21038251366,623800000,hCoV-19/USA/NY-NYUMC73/2020
149,33,0.0025056999393463,40.7003004105776,-73.9504564977981,40.6327996331228,-74.0212977418014,0.149332729555081,0.146827029615734,2020.20787681372,2020.21038251366,623800000,hCoV-19/USA/NY-NYUMC115/2020
150,34,0.122860398905257,40.5365375209428,-74.0613458046628,40.6208501173686,-73.9776428942691,0.288676991855109,0.165816592949851,2020.22686637706,2020.34972677596,623800000,hCoV-19/USA/NY-NYUMC886/2020
150,35,0.0326964644750918,40.5365375209428,-74.0613458046628,40.6343467371844,-74.036630688177,0.198513057424943,0.165816592949851,2020.22686637706,2020.25956284153,623800000,hCoV-19/USA/NY-NYUMC259/2020
151,152,0.000553641321596438,40.6445236828124,-73.9977013090335,40.6415346008567,-73.9928410397698,0.147346166441173,0.146792525119577,2020.20784230923,2020.20839595055,623800000,NA
151,155,0.000422948451170801,40.6445236828124,-73.9977013090335,40.6424052091134,-73.997743015091,0.147215473570748,0.146792525119577,2020.20784230923,2020.20826525768,623800000,NA
152,153,0.00607038620304529,40.6415346008567,-73.9928410397698,40.6413944517841,-73.9781394868584,0.153416552644219,0.147346166441173,2020.20839595055,2020.21446633675,623800000,NA
152,154,0.000854563363315491,40.6415346008567,-73.9928410397698,40.6285328686954,-74.0075068993696,0.148200729804489,0.147346166441173,2020.20839595055,2020.20925051391,623800000,NA
153,37,0.0287030621606961,40.6413944517841,-73.9781394868584,40.6484592960247,-73.9665650271191,0.182119614804915,0.153416552644219,2020.21446633675,2020.24316939891,623800000,hCoV-19/USA/NY-NYUMC501/2020
153,38,0.00411289822087627,40.6413944517841,-73.9781394868584,40.6460449011183,-73.9794741267207,0.157529450865095,0.153416552644219,2020.21446633675,2020.21857923497,623800000,hCoV-19/USA/NY-NYUMC750/2020
154,40,0.00113199975059181,40.6285328686954,-74.0075068993696,40.6770410083045,-74.0050478501503,0.149332729555081,0.148200729804489,2020.20925051391,2020.21038251366,623800000,hCoV-19/USA/NY-NYUMC85/2020
154,39,0.00113199975059181,40.6285328686954,-74.0075068993696,40.6307546617416,-74.0148062896867,0.149332729555081,0.148200729804489,2020.20925051391,2020.21038251366,623800000,hCoV-19/USA/NY-NYUMC79/2020
155,159,0.00450399785420116,40.6424052091134,-73.997743015091,40.6729738438366,-73.9685729507432,0.151719471424949,0.147215473570748,2020.20826525768,2020.21276925553,623800000,NA
155,156,0.00663846903318815,40.6424052091134,-73.997743015091,40.6502225583196,-73.9914889714575,0.153853942603936,0.147215473570748,2020.20826525768,2020.21490372671,623800000,NA
156,158,0.00239358144243229,40.6502225583196,-73.9914889714575,40.6563994566936,-73.9859616425138,0.156247524046368,0.153853942603936,2020.21490372671,2020.21729730815,623800000,NA
156,157,0.0133431209473885,40.6502225583196,-73.9914889714575,40.6962944322932,-73.9582022685859,0.167197063551324,0.153853942603936,2020.21490372671,2020.22824684766,623800000,NA
157,42,0.0750318408637722,40.6962944322932,-73.9582022685859,40.7774060764558,-73.9894444473099,0.242228904415096,0.167197063551324,2020.22824684766,2020.30327868852,623800000,hCoV-19/USA/NY-NYUMC895/2020
157,41,0.0121903108137357,40.6962944322932,-73.9582022685859,40.7147122733967,-73.9840697384067,0.17938737436506,0.167197063551324,2020.22824684766,2020.24043715847,623800000,hCoV-19/USA/NY-NYUMC534/2020
158,43,0.0368010525086429,40.6563994566936,-73.9859616425138,40.6289370538392,-73.960782288976,0.193048576555011,0.156247524046368,2020.21729730815,2020.25409836066,623800000,hCoV-19/USA/NY-NYUMC207/2020
158,44,0.0313365716287062,40.6563994566936,-73.9859616425138,40.6775143432447,-73.9567086629512,0.187584095675074,0.156247524046368,2020.21729730815,2020.24863387978,623800000,hCoV-19/USA/NY-NYUMC186/2020
159,164,0.00158600720563606,40.6729738438366,-73.9685729507432,40.6669218509313,-73.9532806617283,0.153305478630585,0.151719471424949,2020.21276925553,2020.21435526274,623800000,NA
159,160,0.000542580664533832,40.6729738438366,-73.9685729507432,40.6633920082962,-73.9737948672096,0.152262052089483,0.151719471424949,2020.21276925553,2020.21331183619,623800000,NA
160,161,0.00010882809471105,40.6633920082962,-73.9737948672096,40.660139768036,-73.9667576516812,0.152370880184194,0.152262052089483,2020.21331183619,2020.21342066429,623800000,NA
160,45,0.00253515834553461,40.6633920082962,-73.9737948672096,40.6554703791528,-73.952488603372,0.154797210435017,0.152262052089483,2020.21331183619,2020.21584699454,623800000,hCoV-19/USA/NY-NYUMC764/2020
161,49,0.029748734620721,40.660139768036,-73.9667576516812,40.687431908858,-73.9472035785879,0.182119614804915,0.152370880184194,2020.21342066429,2020.24316939891,623800000,hCoV-19/USA/NY-NYUMC314/2020
161,162,0.0157109536030859,40.660139768036,-73.9667576516812,40.7103382791074,-73.9648796258038,0.16808183378728,0.152370880184194,2020.21342066429,2020.22913161789,623800000,NA
162,48,0.0140377810176351,40.7103382791074,-73.9648796258038,40.7323412371713,-73.9765548106413,0.182119614804915,0.16808183378728,2020.22913161789,2020.24316939891,623800000,hCoV-19/USA/NY-NYUMC415/2020
162,163,0.0170509638381627,40.7103382791074,-73.9648796258038,40.7556432887758,-73.975217817779,0.185132797625442,0.16808183378728,2020.22913161789,2020.24618258173,623800000,NA
163,47,0.0133802597995009,40.7556432887758,-73.975217817779,40.648831232947,-74.0233942017207,0.198513057424943,0.185132797625442,2020.24618258173,2020.25956284153,623800000,hCoV-19/USA/NY-NYUMC262/2020
163,46,0.00245129804963196,40.7556432887758,-73.975217817779,40.7466786442837,-73.9776006671521,0.187584095675074,0.185132797625442,2020.24618258173,2020.24863387978,623800000,hCoV-19/USA/NY-NYUMC183/2020
164,50,0.037010857484344,40.6669218509313,-73.9532806617283,40.7372474897535,-73.8360832900241,0.190316336114929,0.153305478630585,2020.21435526274,2020.25136612022,623800000,hCoV-19/USA/NY-NYUMC647/2020
164,165,0.0270818828537135,40.6669218509313,-73.9532806617283,40.756071084679,-73.965770168525,0.180387361484298,0.153305478630585,2020.21435526274,2020.24143714559,623800000,NA
165,51,0.00992897463063054,40.756071084679,-73.965770168525,40.8026048319007,-73.9691946324256,0.190316336114929,0.180387361484298,2020.24143714559,2020.25136612022,623800000,hCoV-19/USA/NY-NYUMC609/2020
165,52,0.00173225332061629,40.756071084679,-73.965770168525,40.7402771763343,-73.9742431983071,0.182119614804915,0.180387361484298,2020.24143714559,2020.24316939891,623800000,hCoV-19/USA/NY-NYUMC304/2020
166,167,0.00124610419001989,40.7722761686151,-73.8979301832896,40.7645583445899,-73.897835114049,0.147224731028687,0.145978626838667,2020.20702841094,2020.20827451513,623800000,NA
166,169,0.000121229316743271,40.7722761686151,-73.8979301832896,40.7734483806953,-73.900669594482,0.14609985615541,0.145978626838667,2020.20702841094,2020.20714964026,623800000,NA
167,168,0.00207952846529555,40.7645583445899,-73.897835114049,40.77281858843,-73.8964474592385,0.149304259493982,0.147224731028687,2020.20827451513,2020.2103540436,623800000,NA
167,53,0.00210799852639401,40.7645583445899,-73.897835114049,40.7559116309146,-73.9697831534962,0.149332729555081,0.147224731028687,2020.20827451513,2020.21038251366,623800000,hCoV-19/USA/NY-NYUMC39/2020
168,55,2.84700610984623e-05,40.77281858843,-73.8964474592385,40.7743593408759,-73.8995054090954,0.149332729555081,0.149304259493982,2020.2103540436,2020.21038251366,623800000,hCoV-19/USA/NY-NYUMC72/2020
168,54,0.139372732361127,40.77281858843,-73.8964474592385,40.8185649072773,-73.8731335848325,0.288676991855109,0.149304259493982,2020.2103540436,2020.34972677596,623800000,hCoV-19/USA/NY-NYUMC914/2020
169,170,0.000205824718153641,40.7734483806953,-73.900669594482,40.7748136106618,-73.9036960728337,0.146305680873564,0.14609985615541,2020.20714964026,2020.20735546498,623800000,NA
169,95,0.00323287339967063,40.7734483806953,-73.900669594482,40.7762420546567,-73.9067702741432,0.149332729555081,0.14609985615541,2020.20714964026,2020.21038251366,623800000,hCoV-19/USA/NY-NYUMC64/2020
170,171,0.000579841472338166,40.7748136106618,-73.9036960728337,40.7697113953362,-73.8957022714271,0.146885522345902,0.146305680873564,2020.20735546498,2020.20793530645,623800000,NA
170,94,0.00302704868151699,40.7748136106618,-73.9036960728337,40.8281941179378,-73.9267616846938,0.149332729555081,0.146305680873564,2020.20735546498,2020.21038251366,623800000,hCoV-19/USA/NY-NYUMC78/2020
171,172,0.00141635713304605,40.7697113953362,-73.8957022714271,40.7371108856496,-73.9088864881792,0.148301879478948,0.146885522345902,2020.20793530645,2020.20935166358,623800000,NA
171,189,0.0016892244368566,40.7697113953362,-73.8957022714271,40.7749817603476,-73.9069244356576,0.148574746782758,0.146885522345902,2020.20793530645,2020.20962453089,623800000,NA
172,173,0.00646373309315462,40.7371108856496,-73.9088864881792,40.7553905044212,-73.9206459381481,0.154765612572102,0.148301879478948,2020.20935166358,2020.21581539668,623800000,NA
172,181,0.000473793868853128,40.7371108856496,-73.9088864881792,40.7426467511024,-73.9011383877663,0.148775673347801,0.148301879478948,2020.20935166358,2020.20982545745,623800000,NA
173,175,0.00233998874019464,40.7553905044212,-73.9206459381481,40.7497535447591,-73.9250833653886,0.157105601312297,0.154765612572102,2020.21581539668,2020.21815538542,623800000,NA
173,174,0.0116527681896204,40.7553905044212,-73.9206459381481,40.7878296800593,-73.9097859535113,0.166418380761723,0.154765612572102,2020.21581539668,2020.22746816487,623800000,NA
174,56,0.00750451273317759,40.7878296800593,-73.9097859535113,40.8479430292651,-73.9198629133241,0.1739228934949,0.166418380761723,2020.22746816487,2020.2349726776,623800000,hCoV-19/USA/NY-NYUMC792/2020
174,57,0.0730782832232961,40.7878296800593,-73.9097859535113,40.6494437092484,-73.9454775269545,0.239496663985019,0.166418380761723,2020.22746816487,2020.30054644809,623800000,hCoV-19/USA/NY-NYUMC460/2020
175,178,0.0151415897421635,40.7497535447591,-73.9250833653886,40.8404475636781,-73.9352269085013,0.172247191054461,0.157105601312297,2020.21815538542,2020.23329697516,623800000,NA
175,176,0.00735160595078382,40.7497535447591,-73.9250833653886,40.7736990009317,-73.892848770907,0.164457207263081,0.157105601312297,2020.21815538542,2020.22550699137,623800000,NA
176,177,0.0132805766844598,40.7736990009317,-73.892848770907,40.7773339909182,-73.8766916906888,0.177737783947541,0.164457207263081,2020.22550699137,2020.23878756805,623800000,NA
176,60,0.00946568623181951,40.7736990009317,-73.892848770907,40.7649441556046,-73.867069336295,0.1739228934949,0.164457207263081,2020.22550699137,2020.2349726776,623800000,hCoV-19/USA/NY-NYUMC816/2020
177,59,0.0426331969773677,40.7773339909182,-73.8766916906888,40.8349009397891,-73.8696575822929,0.220370980924908,0.177737783947541,2020.23878756805,2020.28142076503,623800000,hCoV-19/USA/NY-NYUMC403/2020
177,58,0.0289719947874167,40.7773339909182,-73.8766916906888,40.6290245473757,-74.012788839086,0.206709778734957,0.177737783947541,2020.23878756805,2020.26775956284,623800000,hCoV-19/USA/NY-NYUMC358/2020
178,64,0.0399270685604335,40.8404475636781,-73.9352269085013,40.6890020138941,-73.9017511709742,0.212174259614894,0.172247191054461,2020.23329697516,2020.27322404372,623800000,hCoV-19/USA/NY-NYUMC655/2020
178,179,0.0030706219720691,40.8404475636781,-73.9352269085013,40.8564404934141,-73.9112320306406,0.17531781302653,0.172247191054461,2020.23329697516,2020.23636759713,623800000,NA
179,180,0.00525708990752717,40.8564404934141,-73.9112320306406,40.8717194087738,-73.9061603270224,0.180574902934057,0.17531781302653,2020.23636759713,2020.24162468704,623800000,NA
179,61,0.0149985230883992,40.8564404934141,-73.9112320306406,40.8316369096351,-73.9180837614849,0.190316336114929,0.17531781302653,2020.23636759713,2020.25136612022,623800000,hCoV-19/USA/NY-NYUMC621/2020
180,63,0.00154471187085782,40.8717194087738,-73.9061603270224,40.8834703978805,-73.9117501296647,0.182119614804915,0.180574902934057,2020.24162468704,2020.24316939891,623800000,hCoV-19/USA/NY-NYUMC519/2020
180,62,0.00974143318087207,40.8717194087738,-73.9061603270224,40.8501959648434,-73.9046874548666,0.190316336114929,0.180574902934057,2020.24162468704,2020.25136612022,623800000,hCoV-19/USA/NY-NYUMC613/2020
181,184,0.00234004727139295,40.7426467511024,-73.9011383877663,40.7378161059551,-73.9048829158598,0.151115720619194,0.148775673347801,2020.20982545745,2020.21216550472,623800000,NA
181,182,0.0163469031422958,40.7426467511024,-73.9011383877663,40.7301465265595,-73.8831562818208,0.165122576490097,0.148775673347801,2020.20982545745,2020.2261723606,623800000,NA
182,67,0.00606807656494901,40.7301465265595,-73.8831562818208,40.7498177869327,-73.8703546504848,0.171190653055046,0.165122576490097,2020.2261723606,2020.23224043716,623800000,hCoV-19/USA/NY-NYUMC688/2020
182,183,0.00958842459245396,40.7301465265595,-73.8831562818208,40.7194803507483,-73.852646208698,0.174711001082551,0.165122576490097,2020.2261723606,2020.23576078519,623800000,NA
183,66,0.00740861372236395,40.7194803507483,-73.852646208698,40.6680304230839,-73.7756889246019,0.182119614804915,0.174711001082551,2020.23576078519,2020.24316939891,623800000,hCoV-19/USA/NY-NYUMC315/2020
183,65,0.0156053350323782,40.7194803507483,-73.852646208698,40.6794533247556,-73.8623804544818,0.190316336114929,0.174711001082551,2020.23576078519,2020.25136612022,623800000,hCoV-19/USA/NY-NYUMC323/2020
184,185,0.00584697788674862,40.7378161059551,-73.9048829158598,40.7055996805848,-73.8229734261404,0.156962698505943,0.151115720619194,2020.21216550472,2020.21801248261,623800000,NA
184,188,0.00976512885120712,40.7378161059551,-73.9048829158598,40.7266383777229,-73.9500219505115,0.160880849470401,0.151115720619194,2020.21216550472,2020.22193063358,623800000,NA
185,186,0.000124171705128157,40.7055996805848,-73.8229734261404,40.7066510740799,-73.8202568230762,0.157086870211071,0.156962698505943,2020.21801248261,2020.21813665432,623800000,NA
185,68,0.0169601949889579,40.7055996805848,-73.8229734261404,40.6909318207711,-73.8196724602627,0.1739228934949,0.156962698505943,2020.21801248261,2020.2349726776,623800000,hCoV-19/USA/NY-NYUMC788/2020
186,71,0.0141037828439751,40.7066510740799,-73.8202568230762,40.7072313817539,-73.8251349169622,0.171190653055046,0.157086870211071,2020.21813665432,2020.23224043716,623800000,hCoV-19/USA/NY-NYUMC743/2020
186,187,0.0116248085941806,40.7066510740799,-73.8202568230762,40.7145881920286,-73.8414710325902,0.168711678805251,0.157086870211071,2020.21813665432,2020.22976146291,623800000,NA
187,69,0.0243368977497596,40.7145881920286,-73.8414710325902,40.5931745303049,-73.7726750441845,0.193048576555011,0.168711678805251,2020.22976146291,2020.25409836066,623800000,hCoV-19/USA/NY-NYUMC603/2020
187,70,0.018872416869823,40.7145881920286,-73.8414710325902,40.6985628579873,-73.7485403481327,0.187584095675074,0.168711678805251,2020.22976146291,2020.24863387978,623800000,hCoV-19/USA/NY-NYUMC184/2020
188,73,0.00757756314456273,40.7266383777229,-73.9500219505115,40.7377512422397,-73.8996909571257,0.168458412614964,0.160880849470401,2020.22193063358,2020.22950819672,623800000,hCoV-19/USA/NY-NYUMC786/2020
188,72,0.064954612324667,40.7266383777229,-73.9500219505115,40.6942875495834,-73.9495779390877,0.225835461795068,0.160880849470401,2020.22193063358,2020.2868852459,623800000,hCoV-19/USA/NY-NYUMC464/2020
189,190,0.0013652073845023,40.7749817603476,-73.9069244356576,40.7763599395469,-73.9035558074003,0.149939954167261,0.148574746782758,2020.20962453089,2020.21098973827,623800000,NA
189,198,0.004114170673886,40.7749817603476,-73.9069244356576,40.7765149036316,-73.8915993995429,0.152688917456644,0.148574746782758,2020.20962453089,2020.21373870156,623800000,NA
190,191,0.00135469066443503,40.7763599395469,-73.9035558074003,40.7814532363893,-73.9028425434785,0.151294644831696,0.149939954167261,2020.21098973827,2020.21234442894,623800000,NA
190,82,0.0185184584477031,40.7763599395469,-73.9035558074003,40.7818537733707,-73.8995069468035,0.168458412614964,0.149939954167261,2020.21098973827,2020.22950819672,623800000,hCoV-19/USA/NY-NYUMC818/2020
191,197,0.00113139143479576,40.7814532363893,-73.9028425434785,40.7828104994379,-73.9057528822823,0.152426036266491,0.151294644831696,2020.21234442894,2020.21347582037,623800000,NA
191,192,0.00977831418410299,40.7814532363893,-73.9028425434785,40.6648339569793,-73.9551850897856,0.161072959015799,0.151294644831696,2020.21234442894,2020.22212274312,623800000,NA
192,193,0.00200031582737861,40.6648339569793,-73.9551850897856,40.6600926416501,-73.9585347172511,0.163073274843177,0.161072959015799,2020.22212274312,2020.22412305895,623800000,NA
192,196,0.0152129010251815,40.6648339569793,-73.9551850897856,40.6513471125766,-74.0028632346224,0.17628586004098,0.161072959015799,2020.22212274312,2020.23733564415,623800000,NA
193,194,0.0243385999892385,40.6600926416501,-73.9585347172511,40.6346006137835,-73.9665685722971,0.187411874832416,0.163073274843177,2020.22412305895,2020.24846165894,623800000,NA
193,74,0.0381720230218479,40.6600926416501,-73.9585347172511,40.636247995607,-74.0074798248526,0.201245297865025,0.163073274843177,2020.22412305895,2020.26229508197,623800000,hCoV-19/USA/NY-NYUMC266/2020
194,77,0.0192979039025416,40.6346006137835,-73.9665685722971,40.6272091441597,-73.9409420000894,0.206709778734957,0.187411874832416,2020.24846165894,2020.26775956284,623800000,hCoV-19/USA/NY-NYUMC348/2020
194,195,0.03750167844755,40.6346006137835,-73.9665685722971,40.6321061086474,-73.9324368239086,0.224913553279966,0.187411874832416,2020.24846165894,2020.28596333739,623800000,NA
195,76,0.0419055150749505,40.6321061086474,-73.9324368239086,40.6527417933624,-73.9069421598065,0.266819068354916,0.224913553279966,2020.28596333739,2020.32786885246,623800000,hCoV-19/USA/NY-NYUMC887/2020
195,75,0.0282443128849996,40.6321061086474,-73.9324368239086,40.6735324669866,-73.8195186841184,0.253157866164965,0.224913553279966,2020.28596333739,2020.31420765027,623800000,hCoV-19/USA/NY-NYUMC885/2020
196,79,0.0194949569441084,40.6513471125766,-74.0028632346224,40.6083150762306,-74.0300277484271,0.195780816985089,0.17628586004098,2020.23733564415,2020.25683060109,623800000,hCoV-19/USA/NY-NYUMC277/2020
196,78,0.0167627165140308,40.6513471125766,-74.0028632346224,40.5755737779487,-73.9729160623158,0.193048576555011,0.17628586004098,2020.23733564415,2020.25409836066,623800000,hCoV-19/USA/NY-NYUMC890/2020
197,81,0.0378902998484375,40.7828104994379,-73.9057528822823,40.8419164991737,-73.902066652187,0.190316336114929,0.152426036266491,2020.21347582037,2020.25136612022,623800000,hCoV-19/USA/NY-NYUMC637/2020
197,80,0.0296935785384232,40.7828104994379,-73.9057528822823,40.7407527402034,-73.9842708105642,0.182119614804915,0.152426036266491,2020.21347582037,2020.24316939891,623800000,hCoV-19/USA/NY-NYUMC677/2020
198,199,0.0108339929398716,40.7765149036316,-73.8915993995429,40.6852274941247,-73.7842384296144,0.163522910396516,0.152688917456644,2020.21373870156,2020.2245726945,623800000,NA
198,202,0.00302424351404137,40.7765149036316,-73.8915993995429,40.7466677721876,-73.8980093605032,0.155713160970686,0.152688917456644,2020.21373870156,2020.21676294508,623800000,NA
199,200,0.00628175409167504,40.6852274941247,-73.7842384296144,40.6978576743797,-73.7668188398167,0.169804664488191,0.163522910396516,2020.2245726945,2020.23085444859,623800000,NA
199,86,0.026793425718413,40.6852274941247,-73.7842384296144,40.6939227168328,-73.7538659411165,0.190316336114929,0.163522910396516,2020.2245726945,2020.25136612022,623800000,hCoV-19/USA/NY-NYUMC617/2020
200,83,0.00411822900670943,40.6978576743797,-73.7668188398167,40.6810491288933,-73.762050467689,0.1739228934949,0.169804664488191,2020.23085444859,2020.2349726776,623800000,hCoV-19/USA/NY-NYUMC767/2020
200,201,0.000437376044595081,40.6978576743797,-73.7668188398167,40.7286671395568,-73.8202388766962,0.170242040532786,0.169804664488191,2020.23085444859,2020.23129182464,623800000,NA
201,84,0.0118775742721286,40.7286671395568,-73.8202388766962,40.7455704678325,-73.8352579843952,0.182119614804915,0.170242040532786,2020.23129182464,2020.24316939891,623800000,hCoV-19/USA/NY-NYUMC521/2020
201,85,0.0173420551422882,40.7286671395568,-73.8202388766962,40.821853079012,-73.8728960823823,0.187584095675074,0.170242040532786,2020.23129182464,2020.24863387978,623800000,hCoV-19/USA/NY-NYUMC161/2020
202,87,0.0018162898944091,40.7466677721876,-73.8980093605032,40.7641501850388,-73.9126555323891,0.157529450865095,0.155713160970686,2020.21676294508,2020.21857923497,623800000,hCoV-19/USA/NY-NYUMC765/2020
202,203,0.0156899423414238,40.7466677721876,-73.8980093605032,40.7347167209272,-73.9151738298128,0.17140310331211,0.155713160970686,2020.21676294508,2020.23245288742,623800000,NA
203,204,0.0020757983375839,40.7347167209272,-73.9151738298128,40.8257465470713,-73.8993168152693,0.173478901649693,0.17140310331211,2020.23245288742,2020.23452868576,623800000,NA
203,88,0.0189132328028194,40.7347167209272,-73.9151738298128,40.7619534591867,-73.9257877196577,0.190316336114929,0.17140310331211,2020.23245288742,2020.25136612022,623800000,hCoV-19/USA/NY-NYUMC594/2020
204,205,0.000957394241471024,40.8257465470713,-73.8993168152693,40.8189782634358,-73.9010893622655,0.174436295891164,0.173478901649693,2020.23452868576,2020.23548608,623800000,NA
204,207,0.00347558100435773,40.8257465470713,-73.8993168152693,40.8794188469512,-73.8660723538095,0.176954482654051,0.173478901649693,2020.23452868576,2020.23800426676,623800000,NA
205,206,0.0141551329807093,40.8189782634358,-73.9010893622655,40.8580338743433,-73.9150945173089,0.188591428871874,0.174436295891164,2020.23548608,2020.24964121298,623800000,NA
205,89,0.0377379637237297,40.8189782634358,-73.9010893622655,40.7479434080812,-73.8901530180701,0.212174259614894,0.174436295891164,2020.23548608,2020.27322404372,623800000,hCoV-19/USA/NY-NYUMC296/2020
206,90,0.0509052351131451,40.8580338743433,-73.9150945173089,40.8802618065014,-73.9136062455795,0.239496663985019,0.188591428871874,2020.24964121298,2020.30054644809,623800000,hCoV-19/USA/NY-NYUMC457/2020
206,91,0.0317795520530346,40.8580338743433,-73.9150945173089,40.7810731493629,-73.9775037412263,0.220370980924908,0.188591428871874,2020.24964121298,2020.28142076503,623800000,hCoV-19/USA/NY-NYUMC331/2020
207,93,0.00516513215086353,40.8794188469512,-73.8660723538095,40.8771773797914,-73.8691373798826,0.182119614804915,0.176954482654051,2020.23800426676,2020.24316939891,623800000,hCoV-19/USA/NY-NYUMC549/2020
207,92,0.00516513215086353,40.8794188469512,-73.8660723538095,40.8962883753214,-73.8488124646681,0.182119614804915,0.176954482654051,2020.23800426676,2020.24316939891,623800000,hCoV-19/USA/NY-NYUMC681/2020
208,212,0.0032402279479814,40.723036579706,-73.8758437048137,40.7235160402918,-73.928325497834,0.151188587183338,0.147948359235357,2020.20899814334,2020.21223837129,623800000,NA
208,209,0.00694560855524712,40.723036579706,-73.8758437048137,40.7591456342499,-73.8616545945522,0.154893967790604,0.147948359235357,2020.20899814334,2020.2159437519,623800000,NA
209,210,0.0104897900276906,40.7591456342499,-73.8616545945522,40.8316330562906,-73.9172447001553,0.165383757818294,0.154893967790604,2020.2159437519,2020.22643354192,623800000,NA
209,211,0.0164274946098395,40.7591456342499,-73.8616545945522,40.8037367666981,-73.8450081842396,0.171321462400443,0.154893967790604,2020.2159437519,2020.23237124651,623800000,NA
210,97,0.0167358569866202,40.8316330562906,-73.9172447001553,40.8819720108401,-73.866318883948,0.182119614804915,0.165383757818294,2020.22643354192,2020.24316939891,623800000,hCoV-19/USA/NY-NYUMC517/2020
210,96,0.0249325782966345,40.8316330562906,-73.9172447001553,40.8711540442832,-73.9180528692027,0.190316336114929,0.165383757818294,2020.22643354192,2020.25136612022,623800000,hCoV-19/USA/NY-NYUMC620/2020
211,99,0.0107981524044713,40.8037367666981,-73.8450081842396,40.6816690112425,-73.800780147207,0.182119614804915,0.171321462400443,2020.23237124651,2020.24316939891,623800000,hCoV-19/USA/NY-NYUMC567/2020
211,98,0.0162626332746309,40.8037367666981,-73.8450081842396,40.7685584239299,-73.8784796049089,0.187584095675074,0.171321462400443,2020.23237124651,2020.24863387978,623800000,hCoV-19/USA/NY-NYUMC193/2020
212,101,0.0036086232516791,40.7235160402918,-73.928325497834,40.7346805563875,-73.9226783846122,0.154797210435017,0.151188587183338,2020.21223837129,2020.21584699454,623800000,hCoV-19/USA/NY-NYUMC748/2020
212,100,0.00907310412161133,40.7235160402918,-73.928325497834,40.7494710771492,-73.9794219506736,0.160261691304949,0.151188587183338,2020.21223837129,2020.22131147541,623800000,hCoV-19/USA/NY-NYUMC738/2020
213,216,0.00174841300458051,40.7024265975744,-73.8777586596787,40.7115424702152,-73.8653980847186,0.147389740097284,0.145641327092704,2020.2066911112,2020.2084395242,623800000,NA
213,214,0.0114397697343774,40.7024265975744,-73.8777586596787,40.6730368892875,-73.8978981815328,0.157081096827081,0.145641327092704,2020.2066911112,2020.21813088093,623800000,NA
214,104,0.0113773157878824,40.6730368892875,-73.8978981815328,40.6063958264454,-74.0225481950543,0.168458412614964,0.157081096827081,2020.21813088093,2020.22950819672,623800000,hCoV-19/USA/NY-NYUMC783/2020
214,215,0.0109531512948816,40.6730368892875,-73.8978981815328,40.6888394171413,-73.8131469750882,0.168034248121963,0.157081096827081,2020.21813088093,2020.22908403223,623800000,NA
215,103,0.071462415863056,40.6888394171413,-73.8131469750882,40.6798998050019,-73.8487577777653,0.239496663985019,0.168034248121963,2020.22908403223,2020.30054644809,623800000,hCoV-19/USA/NY-NYUMC432/2020
215,102,0.00315640493308289,40.6888394171413,-73.8131469750882,40.7124989006906,-73.7788014686599,0.171190653055046,0.168034248121963,2020.22908403223,2020.23224043716,623800000,hCoV-19/USA/NY-NYUMC708/2020
216,217,0.00014123925767931,40.7115424702152,-73.8653980847186,40.712922920818,-73.8653422282144,0.147530979354964,0.147389740097284,2020.2084395242,2020.20858076346,623800000,NA
216,105,0.026533153397616,40.7115424702152,-73.8653980847186,40.8177010134899,-73.8312716311785,0.1739228934949,0.147389740097284,2020.2084395242,2020.2349726776,623800000,hCoV-19/USA/NY-NYUMC825/2020
217,106,0.00180175020011683,40.712922920818,-73.8653422282144,40.7267660640199,-73.8560862957384,0.149332729555081,0.147530979354964,2020.20858076346,2020.21038251366,623800000,hCoV-19/USA/NY-NYUMC922/2020
217,218,0.0115667268716769,40.712922920818,-73.8653422282144,40.7196561905925,-73.9043153995115,0.159097706226641,0.147530979354964,2020.20858076346,2020.22014749033,623800000,NA
218,219,0.00556258415348551,40.7196561905925,-73.9043153995115,40.6038997216619,-73.9930988757517,0.164660290380126,0.159097706226641,2020.22014749033,2020.22571007449,623800000,NA
218,109,0.0284863894484336,40.7196561905925,-73.9043153995115,40.8299470562498,-73.9078920040658,0.187584095675074,0.159097706226641,2020.22014749033,2020.24863387978,623800000,hCoV-19/USA/NY-NYUMC199/2020
219,107,0.0283882861748848,40.6038997216619,-73.9930988757517,40.6081078999332,-73.9834686626581,0.193048576555011,0.164660290380126,2020.22571007449,2020.25409836066,623800000,hCoV-19/USA/NY-NYUMC246/2020
219,108,0.0229238052949481,40.6038997216619,-73.9930988757517,40.6112158224671,-73.9880540187003,0.187584095675074,0.164660290380126,2020.22571007449,2020.24863387978,623800000,hCoV-19/USA/NY-NYUMC326/2020
